9.017736e-001	9.822638e-002	0.000000e+000	0.000000e+000	0.000000e+000	
0.000000e+000	6.453197e-001	3.546803e-001	0.000000e+000	0.000000e+000	
0.000000e+000	0.000000e+000	9.434126e-001	5.658742e-002	0.000000e+000	
0.000000e+000	0.000000e+000	0.000000e+000	9.406098e-001	5.939016e-002	
0.000000e+000	0.000000e+000	0.000000e+000	0.000000e+000	1.000000e+000	
1.000000e-030	1.000000e-030	1.000000e-030	1.000000e-030	1.000000e-030	1.159626e-001	1.000000e-030	1.000000e-030	1.000000e-030	1.000000e-030	1.000000e-030	1.000000e-030	1.000000e-030	1.000000e-030	1.000000e-030	1.000000e-030	1.000000e-030	1.000000e-030	1.000000e-030	1.000000e-030	1.000000e-030	5.893583e-001	1.000000e-030	9.822638e-002	1.000000e-030	1.000000e-030	1.000000e-030	1.000000e-030	1.000000e-030	1.000000e-030	1.000000e-030	1.964528e-001	
1.000000e-030	1.000000e-030	1.000000e-030	1.000000e-030	1.000000e-030	9.999983e-001	1.000000e-030	1.000000e-030	1.000000e-030	1.000000e-030	1.000000e-030	1.000000e-030	1.000000e-030	1.000000e-030	1.000000e-030	1.000000e-030	1.000000e-030	1.000000e-030	1.000000e-030	1.000000e-030	1.000000e-030	9.739625e-011	1.000000e-030	1.000000e-030	1.000000e-030	1.000000e-030	1.000000e-030	1.000000e-030	1.000000e-030	1.000000e-030	1.000000e-030	1.728687e-006	
1.000000e-030	1.000000e-030	1.000000e-030	1.000000e-030	1.000000e-030	2.081585e-018	1.000000e-030	1.000000e-030	1.000000e-030	1.000000e-030	1.000000e-030	1.000000e-030	1.000000e-030	1.000000e-030	1.000000e-030	5.658742e-002	1.000000e-030	1.000000e-030	1.000000e-030	1.000000e-030	1.000000e-030	5.473009e-001	1.000000e-030	1.000000e-030	1.000000e-030	1.000000e-030	1.000000e-030	1.000000e-030	1.000000e-030	1.000000e-030	1.000000e-030	3.961116e-001	
1.000000e-030	1.000000e-030	1.000000e-030	3.365926e-001	1.000000e-030	1.781705e-001	6.863758e-007	1.000000e-030	1.000000e-030	1.000000e-030	1.000000e-030	1.000000e-030	1.000000e-030	1.000000e-030	1.000000e-030	3.193392e-010	1.000000e-030	1.000000e-030	1.000000e-030	1.000000e-030	1.000000e-030	2.682006e-001	1.000000e-030	1.059719e-001	1.000000e-030	1.000000e-030	1.000000e-030	1.000000e-030	1.000000e-030	1.000000e-030	1.000000e-030	1.110637e-001	
9.853147e-003	9.853147e-003	1.000000e-030	1.312951e-002	1.970629e-002	8.867832e-002	4.926562e-002	1.000000e-030	9.853147e-003	1.970629e-002	1.000000e-030	1.000000e-030	1.000000e-030	9.853147e-003	1.000000e-030	2.955944e-002	2.955944e-002	1.970629e-002	3.941259e-002	1.000000e-030	1.000000e-030	3.331577e-001	1.000000e-030	7.109701e-002	1.083846e-001	9.853147e-003	1.000000e-030	1.000000e-030	1.000000e-030	9.853147e-003	1.000000e-030	1.195180e-001	
