8.819802e-001	1.180198e-001	0.000000e+000	0.000000e+000	0.000000e+000	
0.000000e+000	9.328560e-001	6.714397e-002	0.000000e+000	0.000000e+000	
0.000000e+000	0.000000e+000	9.432107e-001	5.678930e-002	0.000000e+000	
0.000000e+000	0.000000e+000	0.000000e+000	8.694586e-001	1.305414e-001	
0.000000e+000	0.000000e+000	0.000000e+000	0.000000e+000	1.000000e+000	
1.000000e-030	3.292899e-021	1.000000e-030	1.000000e-030	1.000000e-030	1.685277e-001	1.000000e-030	1.000000e-030	1.000000e-030	1.000000e-030	1.000000e-030	1.000000e-030	1.000000e-030	1.000000e-030	1.000000e-030	1.000000e-030	1.000000e-030	8.314677e-001	1.000000e-030	1.000000e-030	1.000000e-030	4.620215e-006	1.000000e-030	1.000000e-030	1.000000e-030	1.000000e-030	1.000000e-030	1.000000e-030	1.000000e-030	1.000000e-030	1.000000e-030	1.000000e-030	
1.000000e-030	6.714249e-002	1.000000e-030	1.000000e-030	1.000000e-030	1.475162e-001	1.000000e-030	1.000000e-030	1.000000e-030	1.000000e-030	1.000000e-030	1.000000e-030	1.000000e-030	1.000000e-030	1.000000e-030	1.000000e-030	1.000000e-030	7.182000e-001	1.000000e-030	1.000000e-030	1.000000e-030	6.714134e-002	1.000000e-030	1.000000e-030	1.000000e-030	1.000000e-030	1.000000e-030	1.000000e-030	1.000000e-030	1.000000e-030	1.000000e-030	1.000000e-030	
1.000000e-030	1.249225e-006	1.000000e-030	1.000000e-030	1.000000e-030	3.616589e-001	1.000000e-030	1.000000e-030	1.000000e-030	1.000000e-030	1.000000e-030	1.000000e-030	1.000000e-030	1.000000e-030	1.000000e-030	1.000000e-030	1.000000e-030	6.383399e-001	1.000000e-030	1.000000e-030	1.000000e-030	9.865276e-018	1.000000e-030	1.000000e-030	1.000000e-030	1.000000e-030	1.000000e-030	1.000000e-030	1.000000e-030	1.000000e-030	1.000000e-030	1.135852e-009	
1.000000e-030	1.963088e-008	1.000000e-030	3.916241e-001	1.000000e-030	9.905601e-003	1.000000e-030	1.000000e-030	1.000000e-030	1.000000e-030	1.000000e-030	1.000000e-030	1.000000e-030	1.000000e-030	1.000000e-030	1.000000e-030	1.000000e-030	4.679289e-001	1.000000e-030	1.000000e-030	1.000000e-030	1.000000e-030	1.000000e-030	1.000000e-030	1.000000e-030	1.000000e-030	1.000000e-030	1.000000e-030	1.000000e-030	1.000000e-030	1.000000e-030	1.305414e-001	
1.000000e-030	7.970976e-002	1.000000e-030	6.817669e-014	1.992744e-002	1.188743e-001	1.000000e-030	2.989116e-002	1.000000e-030	7.970977e-002	1.000000e-030	1.000000e-030	1.000000e-030	1.000000e-030	1.000000e-030	1.000000e-030	2.989116e-002	3.530485e-001	4.981860e-002	1.000000e-030	1.992744e-002	3.985488e-002	9.963721e-003	1.992744e-002	1.096009e-001	9.963721e-003	1.992744e-002	1.000000e-030	1.000000e-030	9.963721e-003	1.000000e-030	1.000000e-030	
