8.250992e-001	1.749008e-001	0.000000e+000	0.000000e+000	0.000000e+000	
0.000000e+000	9.159708e-001	8.402920e-002	0.000000e+000	0.000000e+000	
0.000000e+000	0.000000e+000	9.539213e-001	4.607867e-002	0.000000e+000	
0.000000e+000	0.000000e+000	0.000000e+000	9.545681e-001	4.543194e-002	
0.000000e+000	0.000000e+000	0.000000e+000	0.000000e+000	1.000000e+000	
1.000000e-030	9.996956e-001	1.000000e-030	1.000000e-030	1.000000e-030	1.000000e-030	1.000000e-030	3.044326e-004	1.000000e-030	1.000000e-030	1.000000e-030	1.000000e-030	1.000000e-030	1.000000e-030	1.000000e-030	1.000000e-030	1.000000e-030	1.537925e-019	1.000000e-030	1.000000e-030	1.000000e-030	1.000000e-030	1.000000e-030	1.000000e-030	1.000000e-030	1.000000e-030	1.000000e-030	1.000000e-030	1.000000e-030	1.000000e-030	1.000000e-030	1.000000e-030	
1.000000e-030	5.391952e-001	1.000000e-030	1.000000e-030	1.000000e-030	8.791700e-003	1.000000e-030	1.079610e-001	1.000000e-030	1.000000e-030	1.000000e-030	1.000000e-030	1.000000e-030	1.000000e-030	1.000000e-030	1.000000e-030	1.000000e-030	2.600261e-001	1.000000e-030	1.000000e-030	1.000000e-030	1.000000e-030	1.000000e-030	8.402609e-002	1.000000e-030	1.000000e-030	1.000000e-030	1.000000e-030	1.000000e-030	1.000000e-030	1.000000e-030	1.000000e-030	
1.000000e-030	4.204631e-001	1.000000e-030	1.000000e-030	1.000000e-030	8.733628e-002	1.000000e-030	3.554227e-001	1.000000e-030	1.000000e-030	1.000000e-030	1.000000e-030	1.000000e-030	1.000000e-030	1.000000e-030	1.000000e-030	1.000000e-030	1.367762e-001	1.000000e-030	1.000000e-030	1.283616e-025	1.000000e-030	1.000000e-030	1.702626e-006	1.000000e-030	1.000000e-030	1.000000e-030	1.000000e-030	1.000000e-030	1.000000e-030	1.000000e-030	1.000000e-030	
1.349544e-012	7.756900e-001	1.000000e-030	1.000000e-030	1.000000e-030	1.000000e-030	1.000000e-030	3.056018e-006	1.000000e-030	1.000000e-030	1.000000e-030	1.000000e-030	1.000000e-030	1.000000e-030	1.000000e-030	1.000000e-030	1.000000e-030	1.788750e-001	1.000000e-030	1.000000e-030	4.543194e-002	1.000000e-030	1.000000e-030	1.000000e-030	1.000000e-030	1.000000e-030	1.000000e-030	1.000000e-030	1.000000e-030	1.000000e-030	1.000000e-030	1.000000e-030	
5.703278e-002	3.042001e-001	1.000000e-030	1.000000e-030	1.140656e-002	2.281311e-002	4.562622e-002	3.421967e-002	1.000000e-030	3.421967e-002	1.000000e-030	1.000000e-030	1.000000e-030	1.000000e-030	1.000000e-030	1.000000e-030	6.843933e-002	2.395377e-001	4.562622e-002	1.000000e-030	6.407481e-016	1.000000e-030	1.000000e-030	1.000000e-030	1.368787e-001	1.000000e-030	1.000000e-030	1.000000e-030	1.000000e-030	1.000000e-030	1.000000e-030	1.000000e-030	
