7.956752e-001	2.043248e-001	0.000000e+000	0.000000e+000	0.000000e+000	
0.000000e+000	8.854126e-001	1.145874e-001	0.000000e+000	0.000000e+000	
0.000000e+000	0.000000e+000	8.859584e-001	1.140416e-001	0.000000e+000	
0.000000e+000	0.000000e+000	0.000000e+000	9.473540e-001	5.264597e-002	
0.000000e+000	0.000000e+000	0.000000e+000	0.000000e+000	1.000000e+000	
1.000000e-030	1.000000e-030	1.000000e-030	1.000000e-030	1.000000e-030	2.494414e-001	1.000000e-030	2.042702e-001	1.000000e-030	1.000000e-030	1.000000e-030	1.000000e-030	1.000000e-030	1.000000e-030	1.000000e-030	1.000000e-030	1.000000e-030	2.896966e-015	1.000000e-030	1.000000e-030	1.000000e-030	1.000000e-030	1.000000e-030	5.462884e-001	1.000000e-030	1.000000e-030	1.000000e-030	1.000000e-030	1.000000e-030	1.000000e-030	1.000000e-030	1.000000e-030	
1.000000e-030	1.000000e-030	1.000000e-030	1.000000e-030	1.000000e-030	4.577645e-001	1.000000e-030	1.000000e-030	1.000000e-030	1.000000e-030	1.000000e-030	1.000000e-030	1.000000e-030	1.000000e-030	1.000000e-030	1.000000e-030	1.000000e-030	1.902343e-001	1.000000e-030	1.000000e-030	1.000000e-030	1.000000e-030	1.000000e-030	3.520012e-001	1.000000e-030	1.000000e-030	1.000000e-030	1.000000e-030	1.000000e-030	1.000000e-030	1.000000e-030	1.000000e-030	
1.000000e-030	1.000000e-030	1.000000e-030	4.837902e-017	1.000000e-030	2.034843e-001	1.000000e-030	1.140721e-001	1.000000e-030	1.000000e-030	1.000000e-030	1.000000e-030	1.000000e-030	1.000000e-030	1.000000e-030	1.000000e-030	1.000000e-030	5.393817e-001	1.000000e-030	1.000000e-030	1.000000e-030	1.000000e-030	1.000000e-030	1.430619e-001	1.000000e-030	1.000000e-030	1.000000e-030	1.000000e-030	1.000000e-030	1.000000e-030	1.000000e-030	1.000000e-030	
1.000000e-030	1.000000e-030	1.000000e-030	1.052855e-001	1.000000e-030	1.000000e-030	1.000000e-030	1.000000e-030	1.000000e-030	1.000000e-030	1.000000e-030	1.000000e-030	1.000000e-030	1.000000e-030	1.000000e-030	1.000000e-030	1.000000e-030	7.894397e-001	1.000000e-030	1.000000e-030	1.000000e-030	1.052748e-001	1.000000e-030	1.000000e-030	1.000000e-030	1.000000e-030	1.000000e-030	1.000000e-030	1.000000e-030	1.000000e-030	1.000000e-030	1.000000e-030	
9.292356e-003	3.716942e-002	1.000000e-030	3.717056e-002	9.292356e-003	1.951395e-001	2.787707e-002	1.858471e-002	1.000000e-030	4.646178e-002	1.000000e-030	1.000000e-030	1.000000e-030	9.292356e-003	1.000000e-030	1.000000e-030	4.646178e-002	2.844844e-001	1.858471e-002	9.292356e-003	1.000000e-030	7.434187e-002	1.000000e-030	4.646178e-002	1.208006e-001	1.000000e-030	1.000000e-030	1.000000e-030	1.000000e-030	9.292356e-003	1.000000e-030	1.000000e-030	
