6.823433e-001	3.176567e-001	0.000000e+000	0.000000e+000	0.000000e+000	
0.000000e+000	8.869815e-001	1.130185e-001	0.000000e+000	0.000000e+000	
0.000000e+000	0.000000e+000	9.411775e-001	5.882254e-002	0.000000e+000	
0.000000e+000	0.000000e+000	0.000000e+000	9.511900e-001	4.880998e-002	
0.000000e+000	0.000000e+000	0.000000e+000	0.000000e+000	1.000000e+000	
1.000000e-030	1.000000e-030	1.000000e-030	1.000000e-030	1.000000e-030	1.000000e-030	1.000000e-030	1.000000e-030	1.000000e-030	1.000000e-030	1.000000e-030	1.000000e-030	1.000000e-030	1.000000e-030	1.000000e-030	1.000000e-030	1.000000e-030	3.176567e-001	1.000000e-030	1.000000e-030	1.000000e-030	6.823433e-001	1.000000e-030	1.000000e-030	1.000000e-030	1.000000e-030	1.000000e-030	1.000000e-030	1.000000e-030	1.000000e-030	1.000000e-030	1.000000e-030	
1.000000e-030	1.000000e-030	1.000000e-030	1.000000e-030	1.000000e-030	3.430483e-001	1.000000e-030	1.000000e-030	1.000000e-030	1.000000e-030	1.000000e-030	1.000000e-030	1.000000e-030	1.000000e-030	1.000000e-030	1.000000e-030	1.000000e-030	4.454397e-015	1.000000e-030	1.000000e-030	1.000000e-030	4.086148e-001	1.000000e-030	2.483369e-001	1.000000e-030	1.000000e-030	1.000000e-030	1.000000e-030	1.000000e-030	1.000000e-030	1.000000e-030	1.000000e-030	
1.000000e-030	1.000000e-030	1.000000e-030	1.000000e-030	1.000000e-030	3.075964e-001	1.000000e-030	1.000000e-030	1.000000e-030	1.000000e-030	1.000000e-030	1.000000e-030	1.000000e-030	1.000000e-030	1.000000e-030	1.000000e-030	1.000000e-030	1.764676e-001	1.000000e-030	1.000000e-030	1.000000e-030	3.510748e-001	1.000000e-030	1.648612e-001	1.000000e-030	1.000000e-030	1.000000e-030	1.000000e-030	1.000000e-030	1.000000e-030	1.000000e-030	1.000000e-030	
1.000000e-030	1.000000e-030	1.000000e-030	1.951225e-001	1.000000e-030	5.973989e-001	1.000000e-030	1.000000e-030	1.000000e-030	1.000000e-030	1.000000e-030	1.000000e-030	1.000000e-030	1.000000e-030	1.000000e-030	1.000000e-030	1.000000e-030	9.761544e-002	1.000000e-030	1.000000e-030	1.000000e-030	1.098632e-001	1.000000e-030	1.000000e-030	1.000000e-030	1.000000e-030	1.000000e-030	1.000000e-030	1.000000e-030	1.000000e-030	1.000000e-030	1.000000e-030	
2.009728e-002	1.004864e-002	1.000000e-030	2.012146e-002	1.000000e-030	1.758127e-001	3.014593e-002	1.004864e-002	1.004864e-002	6.029185e-002	1.000000e-030	1.000000e-030	1.000000e-030	1.004864e-002	1.000000e-030	1.000000e-030	4.019457e-002	1.708278e-001	1.004864e-002	1.000000e-030	1.000000e-030	2.513896e-001	1.000000e-030	2.009728e-002	1.205837e-001	1.004864e-002	1.004864e-002	1.000000e-030	1.000000e-030	1.000000e-030	1.000000e-030	2.009728e-002	
