8.425151e-001	1.574849e-001	0.000000e+000	0.000000e+000	0.000000e+000	
0.000000e+000	5.061727e-001	4.938273e-001	0.000000e+000	0.000000e+000	
0.000000e+000	0.000000e+000	9.389604e-001	6.103962e-002	0.000000e+000	
0.000000e+000	0.000000e+000	0.000000e+000	9.437122e-001	5.628777e-002	
0.000000e+000	0.000000e+000	0.000000e+000	0.000000e+000	1.000000e+000	
1.000000e-030	1.000000e-030	1.000000e-030	1.000000e-030	1.000000e-030	1.000000e-030	1.000000e-030	1.000000e-030	1.000000e-030	1.000000e-030	1.000000e-030	1.000000e-030	1.000000e-030	1.000000e-030	1.000000e-030	1.000000e-030	1.000000e-030	1.000000e-030	1.000000e-030	1.000000e-030	1.000000e-030	5.275454e-001	1.000000e-030	1.000000e-030	1.000000e-030	1.000000e-030	1.000000e-030	1.000000e-030	1.000000e-030	1.000000e-030	1.000000e-030	4.724546e-001	
1.000000e-030	1.000000e-030	1.000000e-030	1.000000e-030	1.000000e-030	4.938273e-001	1.000000e-030	1.000000e-030	1.000000e-030	1.000000e-030	1.000000e-030	1.000000e-030	1.000000e-030	1.000000e-030	1.000000e-030	1.000000e-030	1.000000e-030	1.000000e-030	1.000000e-030	1.000000e-030	1.000000e-030	5.061727e-001	1.000000e-030	1.000000e-030	1.000000e-030	1.000000e-030	1.000000e-030	1.000000e-030	1.000000e-030	1.000000e-030	1.000000e-030	1.000000e-030	
1.000000e-030	1.000000e-030	1.000000e-030	1.000000e-030	1.000000e-030	1.000000e-030	1.000000e-030	1.000000e-030	1.000000e-030	1.000000e-030	1.000000e-030	1.000000e-030	1.000000e-030	1.000000e-030	1.000000e-030	1.000000e-030	1.000000e-030	1.000000e-030	1.000000e-030	1.000000e-030	1.000000e-030	4.546676e-001	1.000000e-030	1.000000e-030	1.000000e-030	1.000000e-030	1.000000e-030	1.000000e-030	1.000000e-030	1.000000e-030	1.000000e-030	5.453324e-001	
1.000000e-030	1.000000e-030	1.000000e-030	1.688633e-001	1.000000e-030	1.000000e-030	1.000000e-030	1.000000e-030	1.000000e-030	1.000000e-030	1.000000e-030	1.000000e-030	1.000000e-030	1.000000e-030	1.000000e-030	1.000000e-030	1.000000e-030	1.000000e-030	1.000000e-030	1.000000e-030	1.000000e-030	1.692683e-001	1.000000e-030	1.000000e-030	1.000000e-030	1.000000e-030	1.000000e-030	1.000000e-030	1.000000e-030	1.000000e-030	1.000000e-030	6.618684e-001	
2.817522e-002	1.000000e-030	9.391741e-003	1.000000e-030	1.878348e-002	4.695870e-002	2.817522e-002	1.000000e-030	2.817522e-002	6.574219e-002	1.000000e-030	1.000000e-030	1.000000e-030	1.878348e-002	1.000000e-030	6.574219e-002	5.635044e-002	1.000000e-030	1.000000e-030	1.000000e-030	1.000000e-030	2.082079e-001	1.000000e-030	1.000000e-030	7.513393e-002	1.878348e-002	1.000000e-030	1.000000e-030	1.000000e-030	9.391741e-003	1.000000e-030	3.222050e-001	
