5.000000e-001	5.000000e-001	0.000000e+000	0.000000e+000	0.000000e+000	
0.000000e+000	8.453996e-001	1.546004e-001	0.000000e+000	0.000000e+000	
0.000000e+000	0.000000e+000	9.653199e-001	3.468009e-002	0.000000e+000	
0.000000e+000	0.000000e+000	0.000000e+000	8.948523e-001	1.051477e-001	
0.000000e+000	0.000000e+000	0.000000e+000	0.000000e+000	1.000000e+000	
1.000000e-030	1.000000e-030	1.000000e-030	1.000000e-030	1.000000e-030	1.000000e-030	1.000000e-030	1.000000e-030	1.000000e-030	1.000000e-030	1.000000e-030	1.000000e-030	1.000000e-030	1.000000e-030	1.000000e-030	1.000000e+000	1.000000e-030	1.000000e-030	1.000000e-030	1.000000e-030	1.000000e-030	1.351965e-021	1.000000e-030	1.000000e-030	1.000000e-030	1.000000e-030	1.000000e-030	1.000000e-030	1.000000e-030	1.000000e-030	1.000000e-030	1.000000e-030	
1.000000e-030	1.000000e-030	1.000000e-030	1.000000e-030	1.000000e-030	2.354269e-023	1.000000e-030	1.000000e-030	1.000000e-030	1.000000e-030	1.000000e-030	1.000000e-030	1.000000e-030	1.000000e-030	1.000000e-030	2.231734e-029	1.000000e-030	1.000000e-030	1.000000e-030	1.000000e-030	1.000000e-030	8.619013e-001	1.000000e-030	1.000000e-030	1.000000e-030	1.000000e-030	1.000000e-030	1.000000e-030	1.000000e-030	1.000000e-030	1.000000e-030	1.380987e-001	
1.000000e-030	1.000000e-030	1.000000e-030	1.000000e-030	1.000000e-030	3.431772e-001	1.000000e-030	1.000000e-030	1.000000e-030	1.000000e-030	1.000000e-030	1.000000e-030	1.000000e-030	1.000000e-030	1.000000e-030	1.000000e-030	1.000000e-030	7.337877e-002	1.000000e-030	1.000000e-030	1.000000e-030	5.450623e-001	1.000000e-030	1.000000e-030	1.000000e-030	1.000000e-030	1.000000e-030	1.000000e-030	1.000000e-030	1.000000e-030	1.000000e-030	3.838163e-002	
1.000000e-030	1.000000e-030	1.000000e-030	2.146839e-016	1.000000e-030	9.080948e-002	1.000000e-030	1.000000e-030	1.000000e-030	1.000000e-030	1.000000e-030	1.000000e-030	1.000000e-030	1.000000e-030	1.000000e-030	1.000000e-030	1.000000e-030	9.228708e-002	1.000000e-030	1.000000e-030	1.000000e-030	8.169034e-001	1.000000e-030	1.000000e-030	1.000000e-030	1.000000e-030	1.000000e-030	1.000000e-030	1.000000e-030	1.000000e-030	1.000000e-030	1.000000e-030	
2.935814e-002	1.957210e-002	1.000000e-030	8.807443e-002	9.786048e-003	1.882919e-001	3.914419e-002	1.000000e-030	2.935814e-002	1.000000e-030	1.000000e-030	1.000000e-030	1.000000e-030	9.786048e-003	9.786048e-003	1.957210e-002	4.893024e-002	4.899321e-002	1.000000e-030	1.000000e-030	1.000000e-030	2.734125e-001	1.000000e-030	5.871629e-002	6.850234e-002	1.957210e-002	1.000000e-030	1.000000e-030	1.000000e-030	1.000000e-030	1.000000e-030	3.914422e-002	
