5.000000e-001	5.000000e-001	0.000000e+000	0.000000e+000	0.000000e+000	
0.000000e+000	8.677626e-001	1.322374e-001	0.000000e+000	0.000000e+000	
0.000000e+000	0.000000e+000	9.332406e-001	6.675944e-002	0.000000e+000	
0.000000e+000	0.000000e+000	0.000000e+000	9.529886e-001	4.701144e-002	
0.000000e+000	0.000000e+000	0.000000e+000	0.000000e+000	1.000000e+000	
1.000000e-030	5.000000e-001	1.000000e-030	1.000000e-030	1.000000e-030	1.000000e-030	1.000000e-030	1.000000e-030	1.000000e-030	1.000000e-030	1.000000e-030	1.000000e-030	1.000000e-030	1.000000e-030	1.000000e-030	1.000000e-030	1.000000e-030	1.000000e-030	1.000000e-030	1.000000e-030	1.000000e-030	1.000000e-030	1.000000e-030	5.000000e-001	1.000000e-030	1.000000e-030	1.000000e-030	1.000000e-030	1.000000e-030	1.000000e-030	1.000000e-030	1.000000e-030	
1.000000e-030	1.000000e-030	1.000000e-030	1.000000e-030	1.000000e-030	1.268912e-015	1.000000e-030	1.000000e-030	1.000000e-030	1.000000e-030	1.000000e-030	1.000000e-030	1.000000e-030	1.322374e-001	1.000000e-030	1.000000e-030	1.000000e-030	7.355251e-001	1.000000e-030	1.000000e-030	1.000000e-030	1.322374e-001	1.000000e-030	1.000000e-030	1.000000e-030	1.000000e-030	1.000000e-030	1.000000e-030	1.000000e-030	1.000000e-030	1.000000e-030	1.000000e-030	
1.000000e-030	1.000000e-030	1.000000e-030	1.000000e-030	1.000000e-030	2.002783e-001	1.000000e-030	1.335189e-001	1.000000e-030	1.000000e-030	1.000000e-030	1.000000e-030	1.000000e-030	5.274326e-019	1.000000e-030	1.000000e-030	1.000000e-030	5.326839e-001	1.000000e-030	1.000000e-030	1.000000e-030	6.675944e-002	1.000000e-030	6.675944e-002	1.000000e-030	1.000000e-030	1.000000e-030	1.000000e-030	1.000000e-030	1.000000e-030	1.000000e-030	1.000000e-030	
1.000000e-030	1.394486e-001	1.000000e-030	1.880246e-001	1.000000e-030	9.235989e-002	1.000000e-030	1.576704e-026	1.000000e-030	1.000000e-030	1.000000e-030	1.000000e-030	1.000000e-030	4.436147e-002	1.000000e-030	1.000000e-030	1.000000e-030	4.420290e-001	1.000000e-030	1.000000e-030	1.000000e-030	4.700978e-002	1.000000e-030	4.676661e-002	1.000000e-030	1.000000e-030	1.000000e-030	1.000000e-030	1.000000e-030	1.000000e-030	1.000000e-030	1.000000e-030	
9.691118e-003	4.878247e-002	1.000000e-030	9.695475e-003	1.000000e-030	9.725399e-002	1.938224e-002	2.132046e-001	1.938224e-002	5.814671e-002	1.000000e-030	1.000000e-030	1.000000e-030	1.023739e-002	9.691118e-003	1.000000e-030	4.845559e-002	2.525128e-001	1.938224e-002	1.000000e-030	1.000000e-030	9.691461e-003	1.000000e-030	5.819718e-002	1.066023e-001	9.691118e-003	1.000000e-030	1.000000e-030	1.000000e-030	1.000000e-030	1.000000e-030	1.000000e-030	
