5.000000e-001	5.000000e-001	0.000000e+000	0.000000e+000	0.000000e+000	
0.000000e+000	9.402534e-001	5.974665e-002	0.000000e+000	0.000000e+000	
0.000000e+000	0.000000e+000	9.184516e-001	8.154838e-002	0.000000e+000	
0.000000e+000	0.000000e+000	0.000000e+000	8.743107e-001	1.256893e-001	
0.000000e+000	0.000000e+000	0.000000e+000	0.000000e+000	1.000000e+000	
1.000000e-030	1.000000e-030	1.000000e-030	5.000000e-001	1.000000e-030	2.022259e-017	1.000000e-030	5.000000e-001	1.000000e-030	1.000000e-030	1.000000e-030	1.000000e-030	1.000000e-030	1.000000e-030	1.000000e-030	1.000000e-030	1.000000e-030	1.000000e-030	1.000000e-030	1.000000e-030	1.000000e-030	1.000000e-030	1.000000e-030	1.000000e-030	1.000000e-030	1.000000e-030	1.000000e-030	1.000000e-030	1.000000e-030	1.000000e-030	1.000000e-030	1.000000e-030	
1.000000e-030	5.974665e-002	1.000000e-030	1.000000e-030	1.000000e-030	5.656613e-001	1.000000e-030	1.000000e-030	1.000000e-030	1.000000e-030	1.000000e-030	1.000000e-030	1.000000e-030	1.000000e-030	1.000000e-030	1.000000e-030	1.000000e-030	1.000000e-030	1.000000e-030	1.000000e-030	1.000000e-030	3.148455e-001	1.000000e-030	1.000000e-030	1.000000e-030	1.000000e-030	1.000000e-030	1.000000e-030	1.000000e-030	1.000000e-030	1.000000e-030	5.974665e-002	
1.000000e-030	1.000000e-030	1.000000e-030	1.000000e-030	1.000000e-030	2.880562e-001	1.000000e-030	1.000000e-030	1.000000e-030	1.000000e-030	1.000000e-030	1.000000e-030	1.000000e-030	8.154838e-002	1.000000e-030	1.000000e-030	1.000000e-030	1.630968e-001	1.000000e-030	1.000000e-030	1.000000e-030	4.672987e-001	1.000000e-030	1.000000e-030	1.000000e-030	1.000000e-030	1.000000e-030	1.000000e-030	1.000000e-030	1.000000e-030	1.000000e-030	1.369488e-030	
1.000000e-030	1.000000e-030	1.000000e-030	1.000000e+000	1.000000e-030	1.000000e-030	1.000000e-030	1.000000e-030	1.000000e-030	1.000000e-030	1.000000e-030	1.000000e-030	1.000000e-030	1.000000e-030	1.000000e-030	1.000000e-030	1.000000e-030	1.003558e-016	1.000000e-030	1.000000e-030	1.000000e-030	1.942421e-029	1.000000e-030	1.000000e-030	1.000000e-030	1.000000e-030	1.000000e-030	1.000000e-030	1.000000e-030	1.000000e-030	1.000000e-030	1.000000e-030	
1.817457e-002	9.087285e-003	1.000000e-030	3.674784e-002	1.817457e-002	2.817058e-001	1.817457e-002	9.087285e-003	1.000000e-030	5.452371e-002	1.000000e-030	1.000000e-030	1.000000e-030	1.000000e-030	1.000000e-030	1.000000e-030	4.543642e-002	2.180948e-001	9.087285e-003	1.000000e-030	9.087285e-003	9.996013e-002	1.000000e-030	9.087285e-003	1.181347e-001	2.726185e-002	9.087285e-003	1.000000e-030	1.000000e-030	1.000000e-030	1.000000e-030	9.087285e-003	
