9.056279e-001	9.437210e-002	0.000000e+000	0.000000e+000	0.000000e+000	
0.000000e+000	9.174039e-001	8.259607e-002	0.000000e+000	0.000000e+000	
0.000000e+000	0.000000e+000	8.911501e-001	1.088499e-001	0.000000e+000	
0.000000e+000	0.000000e+000	0.000000e+000	8.699990e-001	1.300010e-001	
0.000000e+000	0.000000e+000	0.000000e+000	0.000000e+000	1.000000e+000	
1.000000e-030	1.000000e-030	1.000000e-030	1.000000e-030	1.000000e-030	3.270273e-001	1.000000e-030	1.000000e-030	1.000000e-030	1.000000e-030	1.000000e-030	1.000000e-030	1.000000e-030	1.000000e-030	1.000000e-030	7.822001e-029	1.000000e-030	1.000000e-030	1.000000e-030	1.000000e-030	1.000000e-030	5.804632e-001	1.000000e-030	1.000000e-030	1.000000e-030	1.000000e-030	1.000000e-030	1.000000e-030	1.000000e-030	1.000000e-030	1.000000e-030	9.250953e-002	
1.000000e-030	1.000000e-030	1.000000e-030	1.000000e-030	1.000000e-030	2.918515e-001	1.000000e-030	1.000000e-030	1.000000e-030	1.000000e-030	1.000000e-030	1.000000e-030	1.000000e-030	1.000000e-030	1.000000e-030	4.657169e-013	1.000000e-030	1.000000e-030	1.000000e-030	1.000000e-030	1.000000e-030	6.117752e-001	1.000000e-030	1.000000e-030	1.000000e-030	1.000000e-030	1.000000e-030	1.000000e-030	1.000000e-030	1.000000e-030	1.000000e-030	9.637330e-002	
1.000000e-030	1.000000e-030	1.000000e-030	1.000000e-030	1.000000e-030	1.331803e-004	1.000000e-030	1.000000e-030	1.000000e-030	1.000000e-030	1.000000e-030	1.000000e-030	1.000000e-030	1.000000e-030	1.000000e-030	1.088499e-001	1.000000e-030	7.689575e-011	1.000000e-030	1.000000e-030	1.000000e-030	5.877590e-001	1.000000e-030	1.000000e-030	1.000000e-030	1.000000e-030	1.000000e-030	1.000000e-030	1.000000e-030	1.000000e-030	1.000000e-030	3.032579e-001	
1.000000e-030	1.000000e-030	1.000000e-030	1.000000e-030	1.000000e-030	2.444789e-007	1.000000e-030	1.000000e-030	1.000000e-030	1.000000e-030	1.000000e-030	1.000000e-030	1.000000e-030	1.259034e-001	1.000000e-030	3.691607e-017	1.000000e-030	2.099956e-001	1.000000e-030	1.000000e-030	1.000000e-030	2.655320e-001	1.000000e-030	3.898696e-001	1.000000e-030	1.000000e-030	1.000000e-030	1.000000e-030	1.000000e-030	1.000000e-030	1.000000e-030	8.699167e-003	
1.827864e-002	1.827864e-002	1.000000e-030	7.311456e-002	1.827864e-002	1.370898e-001	2.741796e-002	9.139321e-003	1.000000e-030	1.827864e-002	1.000000e-030	1.000000e-030	1.000000e-030	9.427392e-003	9.139321e-003	1.000000e-030	5.483592e-002	1.040481e-001	1.827864e-002	1.000000e-030	1.000000e-030	3.198773e-001	1.000000e-030	9.148697e-003	1.005325e-001	9.139321e-003	1.000000e-030	1.000000e-030	1.000000e-030	9.139321e-003	1.000000e-030	3.655728e-002	
