5.799037e-001	4.200963e-001	0.000000e+000	0.000000e+000	0.000000e+000	
0.000000e+000	9.018388e-001	9.816124e-002	0.000000e+000	0.000000e+000	
0.000000e+000	0.000000e+000	8.633047e-001	1.366953e-001	0.000000e+000	
0.000000e+000	0.000000e+000	0.000000e+000	9.337982e-001	6.620184e-002	
0.000000e+000	0.000000e+000	0.000000e+000	0.000000e+000	1.000000e+000	
1.000000e-030	1.000000e-030	1.000000e-030	1.000000e-030	1.000000e-030	2.260065e-007	1.000000e-030	1.000000e-030	1.000000e-030	1.000000e-030	1.000000e-030	1.000000e-030	1.000000e-030	1.000000e-030	1.000000e-030	4.200963e-001	1.000000e-030	1.000000e-030	1.000000e-030	1.000000e-030	1.000000e-030	1.000000e-030	1.000000e-030	5.799035e-001	1.000000e-030	1.000000e-030	1.000000e-030	1.000000e-030	1.000000e-030	1.000000e-030	1.000000e-030	1.000000e-030	
1.000000e-030	1.000000e-030	1.000000e-030	1.000000e-030	1.000000e-030	3.926449e-001	1.000000e-030	1.000000e-030	1.000000e-030	1.000000e-030	1.000000e-030	1.000000e-030	1.000000e-030	1.000000e-030	1.000000e-030	3.919926e-011	1.000000e-030	1.000000e-030	1.000000e-030	1.000000e-030	1.000000e-030	1.000000e-030	1.000000e-030	6.073551e-001	1.000000e-030	1.000000e-030	1.000000e-030	1.000000e-030	1.000000e-030	1.000000e-030	1.000000e-030	1.000000e-030	
1.000000e-030	1.000000e-030	1.000000e-030	1.000000e-030	1.000000e-030	9.884443e-010	1.000000e-030	1.000000e-030	1.000000e-030	1.000000e-030	1.000000e-030	1.000000e-030	1.000000e-030	1.000000e-030	1.366953e-001	5.308243e-001	1.000000e-030	1.000000e-030	1.000000e-030	1.000000e-030	1.000000e-030	1.000000e-030	1.000000e-030	1.957850e-001	1.000000e-030	1.366953e-001	1.000000e-030	1.000000e-030	1.000000e-030	1.000000e-030	1.000000e-030	1.000000e-030	
1.000000e-030	1.000000e-030	1.000000e-030	1.315581e-001	1.000000e-030	3.799956e-001	1.000000e-030	1.000000e-030	1.000000e-030	1.945141e-020	1.000000e-030	1.000000e-030	1.000000e-030	1.000000e-030	4.806580e-029	6.485631e-002	1.000000e-030	1.000000e-030	1.000000e-030	1.000000e-030	1.000000e-030	1.000000e-030	1.000000e-030	4.235900e-001	1.000000e-030	1.000000e-030	1.000000e-030	1.000000e-030	1.000000e-030	1.000000e-030	1.000000e-030	1.000000e-030	
3.508421e-002	1.000000e-030	1.000000e-030	2.642518e-002	1.754210e-002	1.513887e-001	3.508421e-002	2.631316e-002	1.000000e-030	5.262631e-002	1.000000e-030	1.000000e-030	1.000000e-030	8.771052e-003	1.000000e-030	3.628635e-002	3.508421e-002	2.631316e-002	1.000000e-030	8.771052e-003	1.000000e-030	8.771052e-003	1.000000e-030	4.087445e-001	8.771052e-002	1.000000e-030	1.000000e-030	1.000000e-030	1.000000e-030	1.000000e-030	1.000000e-030	3.508421e-002	
