7.958035e-001	2.041965e-001	0.000000e+000	0.000000e+000	0.000000e+000	
0.000000e+000	8.756385e-001	1.243615e-001	0.000000e+000	0.000000e+000	
0.000000e+000	0.000000e+000	9.087187e-001	9.128127e-002	0.000000e+000	
0.000000e+000	0.000000e+000	0.000000e+000	9.678524e-001	3.214757e-002	
0.000000e+000	0.000000e+000	0.000000e+000	0.000000e+000	1.000000e+000	
1.000000e-030	4.060646e-001	1.000000e-030	1.000000e-030	1.000000e-030	2.075490e-001	1.000000e-030	1.000000e-030	1.000000e-030	1.000000e-030	1.000000e-030	1.000000e-030	1.000000e-030	1.000000e-030	1.000000e-030	1.000000e-030	1.000000e-030	2.818329e-001	1.000000e-030	1.000000e-030	1.000000e-030	1.000000e-030	1.000000e-030	1.045535e-001	1.000000e-030	1.000000e-030	1.000000e-030	1.000000e-030	1.000000e-030	1.000000e-030	1.000000e-030	1.000000e-030	
1.000000e-030	1.418114e-003	1.000000e-030	1.000000e-030	1.000000e-030	2.466812e-001	1.000000e-030	8.250568e-005	1.000000e-030	1.000000e-030	1.000000e-030	1.000000e-030	1.000000e-030	1.000000e-030	1.000000e-030	1.000000e-030	1.000000e-030	5.667445e-001	1.000000e-030	1.000000e-030	1.000000e-030	1.000000e-030	1.000000e-030	1.850737e-001	1.000000e-030	1.000000e-030	1.000000e-030	1.000000e-030	1.000000e-030	1.000000e-030	1.000000e-030	1.000000e-030	
1.000000e-030	6.931951e-002	1.000000e-030	1.097610e-005	1.000000e-030	1.709058e-019	1.000000e-030	9.122071e-002	1.000000e-030	1.000000e-030	1.000000e-030	1.000000e-030	1.000000e-030	1.000000e-030	1.000000e-030	1.000000e-030	1.000000e-030	5.656246e-001	1.000000e-030	1.000000e-030	1.000000e-030	9.128127e-002	1.000000e-030	1.825429e-001	1.000000e-030	1.000000e-030	1.000000e-030	1.000000e-030	1.000000e-030	1.000000e-030	1.000000e-030	1.000000e-030	
1.000000e-030	2.327675e-001	1.000000e-030	9.643885e-002	1.000000e-030	1.928854e-001	1.000000e-030	9.644271e-002	1.000000e-030	5.016691e-007	1.000000e-030	1.000000e-030	1.000000e-030	1.000000e-030	1.000000e-030	1.000000e-030	1.000000e-030	3.171699e-001	1.000000e-030	1.000000e-030	1.000000e-030	6.429514e-002	1.000000e-030	1.221111e-026	1.000000e-030	1.000000e-030	1.000000e-030	1.000000e-030	1.000000e-030	1.000000e-030	1.000000e-030	1.000000e-030	
2.127660e-002	4.553890e-014	1.000000e-030	2.127660e-002	2.127660e-002	2.340426e-001	3.191490e-002	3.191490e-002	1.063830e-002	3.191473e-002	1.000000e-030	1.000000e-030	1.000000e-030	1.000000e-030	1.000000e-030	1.000000e-030	6.382980e-002	3.085107e-001	2.127660e-002	1.000000e-030	1.000000e-030	3.191490e-002	1.000000e-030	4.255320e-002	9.574470e-002	2.127660e-002	1.063830e-002	1.000000e-030	1.000000e-030	1.000000e-030	1.000000e-030	1.000000e-030	
