7.756738e-001	2.243262e-001	0.000000e+000	0.000000e+000	0.000000e+000	
0.000000e+000	8.676377e-001	1.323623e-001	0.000000e+000	0.000000e+000	
0.000000e+000	0.000000e+000	9.487793e-001	5.122066e-002	0.000000e+000	
0.000000e+000	0.000000e+000	0.000000e+000	9.259803e-001	7.401974e-002	
0.000000e+000	0.000000e+000	0.000000e+000	0.000000e+000	1.000000e+000	
1.000000e-030	1.255027e-006	1.000000e-030	1.000000e-030	1.000000e-030	1.000000e-030	1.000000e-030	4.483939e-001	1.000000e-030	1.000000e-030	1.000000e-030	1.000000e-030	1.000000e-030	1.000000e-030	1.000000e-030	1.000000e-030	1.000000e-030	5.516048e-001	1.000000e-030	1.000000e-030	1.000000e-030	1.000000e-030	1.000000e-030	1.000000e-030	1.000000e-030	1.000000e-030	1.000000e-030	1.000000e-030	1.000000e-030	1.000000e-030	1.000000e-030	1.000000e-030	
1.000000e-030	4.249118e-001	1.000000e-030	1.000000e-030	1.000000e-030	2.359656e-015	1.000000e-030	8.520218e-005	1.000000e-030	1.000000e-030	1.000000e-030	1.000000e-030	1.000000e-030	1.000000e-030	1.000000e-030	1.000000e-030	1.000000e-030	5.750030e-001	1.000000e-030	1.000000e-030	1.000000e-030	1.000000e-030	1.000000e-030	1.000000e-030	1.000000e-030	1.000000e-030	1.000000e-030	1.000000e-030	1.000000e-030	1.000000e-030	1.000000e-030	1.000000e-030	
1.000000e-030	5.287399e-001	1.000000e-030	1.000000e-030	1.000000e-030	5.122066e-002	1.000000e-030	2.604747e-001	1.000000e-030	1.000000e-030	1.000000e-030	1.000000e-030	1.000000e-030	1.000000e-030	1.000000e-030	1.000000e-030	1.000000e-030	1.595647e-001	1.000000e-030	1.000000e-030	1.000000e-030	1.000000e-030	1.000000e-030	1.000000e-030	1.000000e-030	1.000000e-030	1.000000e-030	1.000000e-030	1.000000e-030	1.000000e-030	1.000000e-030	1.000000e-030	
1.000000e-030	5.015633e-001	1.000000e-030	1.000000e-030	1.000000e-030	2.721069e-012	1.000000e-030	6.751817e-002	1.000000e-030	1.175325e-008	1.000000e-030	1.000000e-030	1.000000e-030	1.000000e-030	1.000000e-030	1.000000e-030	1.000000e-030	4.309185e-001	1.000000e-030	1.000000e-030	1.000000e-030	1.000000e-030	1.000000e-030	1.000000e-030	1.000000e-030	1.000000e-030	1.000000e-030	1.000000e-030	1.000000e-030	1.000000e-030	1.000000e-030	1.000000e-030	
3.847859e-002	2.856162e-001	1.000000e-030	9.619648e-003	9.619648e-003	1.923930e-002	1.923930e-002	7.698604e-002	9.619648e-003	4.809824e-002	1.000000e-030	1.000000e-030	1.000000e-030	1.000000e-030	1.923930e-002	1.000000e-030	5.771789e-002	2.910904e-001	1.000000e-030	1.000000e-030	1.000000e-030	1.000000e-030	1.000000e-030	9.619648e-003	9.619648e-002	1.000000e-030	1.000000e-030	1.000000e-030	1.000000e-030	9.619648e-003	1.000000e-030	1.000000e-030	
