6.955481e-001	3.044519e-001	0.000000e+000	0.000000e+000	0.000000e+000	
0.000000e+000	9.269736e-001	7.302642e-002	0.000000e+000	0.000000e+000	
0.000000e+000	0.000000e+000	9.289619e-001	7.103814e-002	0.000000e+000	
0.000000e+000	0.000000e+000	0.000000e+000	9.442891e-001	5.571094e-002	
0.000000e+000	0.000000e+000	0.000000e+000	0.000000e+000	1.000000e+000	
1.000000e-030	1.000000e-030	1.000000e-030	1.000000e-030	1.000000e-030	9.996927e-001	1.000000e-030	1.000000e-030	1.000000e-030	1.000000e-030	1.000000e-030	1.000000e-030	1.000000e-030	1.000000e-030	1.000000e-030	1.000000e-030	1.000000e-030	1.000000e-030	1.000000e-030	1.000000e-030	1.000000e-030	1.522000e-016	1.000000e-030	3.073341e-004	1.000000e-030	1.000000e-030	1.000000e-030	1.000000e-030	1.000000e-030	1.000000e-030	1.000000e-030	1.000000e-030	
1.000000e-030	1.000000e-030	1.000000e-030	1.000000e-030	1.000000e-030	3.678978e-001	1.000000e-030	1.000000e-030	1.000000e-030	1.000000e-030	1.000000e-030	1.000000e-030	1.000000e-030	1.000000e-030	1.000000e-030	1.000000e-030	1.000000e-030	1.313746e-001	1.000000e-030	1.000000e-030	1.000000e-030	2.817671e-001	1.000000e-030	2.189605e-001	1.000000e-030	1.000000e-030	1.000000e-030	1.000000e-030	1.000000e-030	1.000000e-030	1.000000e-030	1.000000e-030	
1.000000e-030	1.000000e-030	1.000000e-030	2.511041e-009	1.000000e-030	2.497034e-001	1.000000e-030	1.000000e-030	1.000000e-030	1.000000e-030	1.000000e-030	1.000000e-030	1.000000e-030	1.000000e-030	1.000000e-030	1.000000e-030	1.000000e-030	4.021235e-001	1.000000e-030	1.000000e-030	1.000000e-030	3.481613e-001	1.000000e-030	1.177707e-005	1.000000e-030	1.000000e-030	1.000000e-030	1.000000e-030	1.000000e-030	1.000000e-030	1.000000e-030	1.000000e-030	
1.000000e-030	1.000000e-030	1.000000e-030	5.571094e-002	1.000000e-030	2.319402e-001	1.000000e-030	1.000000e-030	1.000000e-030	1.000000e-030	1.000000e-030	1.000000e-030	1.000000e-030	3.610405e-004	5.568765e-002	1.000000e-030	1.000000e-030	3.086272e-001	1.000000e-030	1.000000e-030	1.000000e-030	1.248163e-001	1.000000e-030	1.671457e-001	1.000000e-030	1.000000e-030	1.000000e-030	1.000000e-030	1.000000e-030	1.000000e-030	1.000000e-030	5.571094e-002	
2.000100e-002	1.000050e-002	1.000000e-030	1.000000e-030	1.000000e-030	1.800111e-001	5.000250e-002	1.000000e-030	3.000150e-002	5.000250e-002	1.000000e-030	1.000000e-030	1.000000e-030	1.993619e-002	4.180396e-006	1.000000e-030	5.000250e-002	2.900198e-001	1.000050e-002	1.000000e-030	1.000050e-002	1.400080e-001	1.000000e-030	2.000320e-002	1.100055e-001	1.000050e-002	1.000000e-030	1.000000e-030	1.000000e-030	1.000000e-030	1.000000e-030	1.000000e-030	
