8.659879e-001	1.340121e-001	0.000000e+000	0.000000e+000	0.000000e+000	
0.000000e+000	9.278890e-001	7.211102e-002	0.000000e+000	0.000000e+000	
0.000000e+000	0.000000e+000	8.912258e-001	1.087742e-001	0.000000e+000	
0.000000e+000	0.000000e+000	0.000000e+000	9.419695e-001	5.803052e-002	
0.000000e+000	0.000000e+000	0.000000e+000	0.000000e+000	1.000000e+000	
1.000000e-030	1.681172e-001	1.000000e-030	1.000000e-030	1.000000e-030	1.000000e-030	1.000000e-030	1.000000e-030	1.000000e-030	1.000000e-030	1.000000e-030	1.000000e-030	1.000000e-030	1.000000e-030	1.000000e-030	1.000000e-030	1.000000e-030	8.318828e-001	1.000000e-030	1.000000e-030	1.000000e-030	1.000000e-030	1.000000e-030	1.000000e-030	1.000000e-030	1.000000e-030	1.000000e-030	1.000000e-030	1.000000e-030	1.000000e-030	1.000000e-030	1.000000e-030	
1.000000e-030	5.585365e-001	1.000000e-030	1.000000e-030	1.000000e-030	7.211102e-002	1.000000e-030	1.000000e-030	1.000000e-030	1.000000e-030	1.000000e-030	1.000000e-030	1.000000e-030	1.000000e-030	1.000000e-030	1.000000e-030	1.000000e-030	3.693525e-001	1.000000e-030	1.000000e-030	1.000000e-030	1.000000e-030	1.000000e-030	1.020577e-020	1.000000e-030	1.000000e-030	1.000000e-030	1.000000e-030	1.000000e-030	1.000000e-030	1.000000e-030	1.000000e-030	
1.000000e-030	2.988925e-026	1.000000e-030	1.000000e-030	1.000000e-030	1.000000e-030	1.000000e-030	1.000000e-030	1.000000e-030	1.000000e-030	1.000000e-030	1.000000e-030	1.000000e-030	1.087742e-001	1.000000e-030	1.000000e-030	1.000000e-030	7.824516e-001	1.000000e-030	1.000000e-030	1.000000e-030	1.000000e-030	1.000000e-030	1.087742e-001	1.000000e-030	1.000000e-030	1.000000e-030	1.000000e-030	1.000000e-030	1.000000e-030	1.000000e-030	1.000000e-030	
1.000000e-030	5.328666e-001	1.000000e-030	5.803052e-002	1.000000e-030	3.411284e-002	1.000000e-030	1.000000e-030	1.000000e-030	1.000000e-030	1.000000e-030	1.000000e-030	1.000000e-030	1.000000e-030	5.803052e-002	1.000000e-030	1.000000e-030	2.589290e-001	5.803052e-002	1.000000e-030	1.000000e-030	1.000000e-030	1.000000e-030	1.000000e-030	1.000000e-030	1.000000e-030	1.000000e-030	1.000000e-030	1.000000e-030	1.000000e-030	1.000000e-030	1.000000e-030	
2.963115e-002	3.735251e-001	1.000000e-030	1.000000e-030	1.975410e-002	2.382499e-002	1.975410e-002	2.963115e-002	1.000000e-030	2.963115e-002	1.000000e-030	1.000000e-030	1.000000e-030	1.000000e-030	1.000000e-030	1.000000e-030	3.950820e-002	2.964614e-001	9.877049e-003	1.000000e-030	1.000000e-030	9.877049e-003	1.000000e-030	1.000000e-030	1.086475e-001	1.000000e-030	9.877049e-003	1.000000e-030	1.000000e-030	1.000000e-030	1.000000e-030	1.000000e-030	
