7.345954e-001	2.654046e-001	0.000000e+000	0.000000e+000	0.000000e+000	
0.000000e+000	7.347738e-001	2.652262e-001	0.000000e+000	0.000000e+000	
0.000000e+000	0.000000e+000	9.025234e-001	9.747663e-002	0.000000e+000	
0.000000e+000	0.000000e+000	0.000000e+000	9.056175e-001	9.438250e-002	
0.000000e+000	0.000000e+000	0.000000e+000	0.000000e+000	1.000000e+000	
1.000000e-030	7.342180e-001	1.000000e-030	1.000000e-030	1.000000e-030	4.637763e-004	1.000000e-030	1.491492e-014	1.000000e-030	1.000000e-030	1.000000e-030	1.000000e-030	1.000000e-030	1.000000e-030	1.000000e-030	1.000000e-030	1.000000e-030	2.653183e-001	1.000000e-030	1.000000e-030	1.000000e-030	1.000000e-030	1.000000e-030	1.000000e-030	1.000000e-030	1.000000e-030	1.000000e-030	1.000000e-030	1.000000e-030	1.000000e-030	1.000000e-030	1.000000e-030	
1.000000e-030	5.912208e-001	1.000000e-030	1.000000e-030	1.000000e-030	2.647627e-001	1.000000e-030	1.438521e-001	1.000000e-030	1.000000e-030	1.000000e-030	1.000000e-030	1.000000e-030	1.000000e-030	1.000000e-030	1.000000e-030	1.000000e-030	1.643029e-004	1.000000e-030	1.000000e-030	1.000000e-030	1.000000e-030	1.000000e-030	1.000000e-030	1.000000e-030	1.000000e-030	1.000000e-030	1.000000e-030	1.000000e-030	1.000000e-030	1.000000e-030	1.000000e-030	
1.000000e-030	5.825517e-001	1.000000e-030	1.000000e-030	1.000000e-030	1.368735e-010	1.000000e-030	8.379708e-002	1.000000e-030	1.000000e-030	1.000000e-030	1.000000e-030	1.000000e-030	1.000000e-030	1.000000e-030	1.000000e-030	1.000000e-030	3.336512e-001	1.000000e-030	1.000000e-030	1.000000e-030	1.000000e-030	1.000000e-030	1.000000e-030	1.000000e-030	1.000000e-030	1.000000e-030	1.000000e-030	1.000000e-030	1.000000e-030	1.000000e-030	1.000000e-030	
1.000000e-030	1.009110e-001	1.000000e-030	1.000000e-030	1.000000e-030	1.000000e-030	1.000000e-030	2.230717e-001	1.000000e-030	1.000000e-030	1.000000e-030	1.000000e-030	1.000000e-030	1.000000e-030	1.000000e-030	1.000000e-030	1.000000e-030	6.760173e-001	1.000000e-030	1.000000e-030	1.000000e-030	1.000000e-030	1.000000e-030	1.000000e-030	1.000000e-030	1.000000e-030	8.621763e-019	1.000000e-030	1.000000e-030	1.000000e-030	1.000000e-030	1.000000e-030	
2.487402e-002	5.137230e-001	1.000000e-030	1.000000e-030	8.291341e-003	1.658268e-002	1.658268e-002	4.340083e-002	8.291341e-003	2.487402e-002	1.000000e-030	1.000000e-030	1.000000e-030	1.000000e-030	1.000000e-030	1.000000e-030	4.145671e-002	1.526792e-001	1.000000e-030	1.000000e-030	8.291341e-003	1.000000e-030	1.000000e-030	1.000000e-030	9.949610e-002	3.316537e-002	8.291341e-003	1.000000e-030	1.000000e-030	1.000000e-030	1.000000e-030	1.000000e-030	
