8.507440e-001	1.492560e-001	0.000000e+000	0.000000e+000	0.000000e+000	
0.000000e+000	9.140912e-001	8.590877e-002	0.000000e+000	0.000000e+000	
0.000000e+000	0.000000e+000	8.154147e-001	1.845853e-001	0.000000e+000	
0.000000e+000	0.000000e+000	0.000000e+000	9.520063e-001	4.799373e-002	
0.000000e+000	0.000000e+000	0.000000e+000	0.000000e+000	1.000000e+000	
1.000000e-030	1.000000e-030	1.000000e-030	1.000000e-030	1.000000e-030	2.119593e-001	1.000000e-030	1.000000e-030	1.000000e-030	1.000000e-030	1.000000e-030	1.000000e-030	1.000000e-030	1.000000e-030	1.000000e-030	1.000000e-030	1.000000e-030	1.000000e-030	1.000000e-030	1.000000e-030	1.000000e-030	5.341336e-001	1.000000e-030	6.744729e-016	1.000000e-030	1.000000e-030	1.000000e-030	1.000000e-030	1.000000e-030	1.000000e-030	1.000000e-030	2.539071e-001	
1.000000e-030	1.000000e-030	1.000000e-030	1.000000e-030	1.000000e-030	1.232817e-001	1.000000e-030	1.000000e-030	1.000000e-030	1.000000e-030	1.000000e-030	1.000000e-030	1.000000e-030	1.000000e-030	1.000000e-030	2.154983e-020	1.000000e-030	1.000000e-030	1.000000e-030	1.000000e-030	1.000000e-030	5.956609e-001	1.000000e-030	4.720533e-006	1.000000e-030	1.000000e-030	1.000000e-030	1.000000e-030	1.000000e-030	1.000000e-030	1.000000e-030	2.810527e-001	
1.000000e-030	1.000000e-030	1.000000e-030	1.000000e-030	1.000000e-030	2.382337e-002	1.000000e-030	1.000000e-030	1.000000e-030	1.000000e-030	1.000000e-030	1.000000e-030	1.000000e-030	1.195486e-010	1.000000e-030	3.269216e-003	1.000000e-030	1.000000e-030	1.000000e-030	1.000000e-030	1.000000e-030	4.577383e-001	1.000000e-030	1.208842e-001	1.000000e-030	1.000000e-030	1.000000e-030	1.000000e-030	1.000000e-030	1.000000e-030	1.000000e-030	3.942849e-001	
1.000000e-030	1.000000e-030	1.000000e-030	2.827600e-002	1.000000e-030	4.973733e-002	1.000000e-030	1.000000e-030	1.000000e-030	2.153594e-024	1.000000e-030	1.000000e-030	1.000000e-030	4.799372e-002	1.000000e-030	9.552488e-002	1.000000e-030	1.000000e-030	1.000000e-030	1.000000e-030	1.000000e-030	2.985023e-001	1.000000e-030	6.455390e-002	1.000000e-030	1.000000e-030	1.000000e-030	1.000000e-030	1.000000e-030	1.000000e-030	1.000000e-030	4.154118e-001	
3.831189e-002	9.577972e-003	1.000000e-030	4.224690e-002	1.915594e-002	9.558307e-002	3.831189e-002	1.000000e-030	9.577972e-003	3.831189e-002	1.000000e-030	1.000000e-030	1.000000e-030	1.587015e-009	1.915594e-002	1.907862e-002	3.831189e-002	1.915594e-002	1.000000e-030	1.000000e-030	1.000000e-030	3.236232e-001	1.000000e-030	2.873391e-002	8.620174e-002	1.000000e-030	1.000000e-030	1.000000e-030	1.000000e-030	2.873391e-002	1.000000e-030	1.459273e-001	
