5.000000e-001	5.000000e-001	0.000000e+000	0.000000e+000	0.000000e+000	
0.000000e+000	9.161013e-001	8.389873e-002	0.000000e+000	0.000000e+000	
0.000000e+000	0.000000e+000	9.109163e-001	8.908374e-002	0.000000e+000	
0.000000e+000	0.000000e+000	0.000000e+000	9.276964e-001	7.230359e-002	
0.000000e+000	0.000000e+000	0.000000e+000	0.000000e+000	1.000000e+000	
1.000000e-030	1.000000e-030	1.000000e-030	1.000000e-030	1.000000e-030	1.000000e-030	1.000000e-030	1.000000e-030	1.000000e-030	1.000000e-030	1.000000e-030	1.000000e-030	1.000000e-030	1.000000e-030	1.000000e-030	1.000000e+000	1.000000e-030	1.000000e-030	1.000000e-030	1.000000e-030	1.000000e-030	1.000000e-030	1.000000e-030	1.000000e-030	1.000000e-030	1.000000e-030	1.000000e-030	1.000000e-030	1.000000e-030	1.000000e-030	1.000000e-030	1.858502e-008	
1.000000e-030	1.000000e-030	1.000000e-030	8.389873e-002	1.000000e-030	1.000000e-030	1.000000e-030	1.000000e-030	1.000000e-030	1.000000e-030	1.000000e-030	1.000000e-030	1.000000e-030	1.000000e-030	1.000000e-030	5.362464e-025	1.000000e-030	1.000000e-030	1.000000e-030	1.000000e-030	1.000000e-030	4.127089e-001	1.000000e-030	1.000000e-030	1.000000e-030	1.000000e-030	1.000000e-030	1.000000e-030	1.000000e-030	1.000000e-030	1.000000e-030	5.033924e-001	
1.000000e-030	1.000000e-030	1.000000e-030	1.334688e-022	1.000000e-030	8.908374e-002	1.000000e-030	1.000000e-030	1.000000e-030	1.000000e-030	1.000000e-030	1.000000e-030	1.000000e-030	1.000000e-030	1.000000e-030	1.000000e-030	1.000000e-030	1.000000e-030	1.000000e-030	1.000000e-030	1.000000e-030	8.218325e-001	1.000000e-030	1.000000e-030	1.000000e-030	8.908374e-002	1.000000e-030	1.000000e-030	1.000000e-030	1.000000e-030	1.000000e-030	2.388537e-016	
1.000000e-030	1.000000e-030	1.000000e-030	1.446053e-001	1.000000e-030	1.000000e-030	1.000000e-030	1.000000e-030	1.000000e-030	8.137684e-004	1.000000e-030	1.000000e-030	1.000000e-030	1.000000e-030	1.000000e-030	7.222652e-002	1.000000e-030	7.165770e-002	1.000000e-030	1.000000e-030	1.000000e-030	5.664924e-001	1.000000e-030	1.000000e-030	1.000000e-030	1.000000e-030	1.000000e-030	1.000000e-030	1.000000e-030	1.000000e-030	1.000000e-030	1.442043e-001	
3.635541e-002	9.088851e-003	1.000000e-030	9.089092e-003	1.000000e-030	1.817770e-002	9.088851e-003	1.000000e-030	9.088851e-002	3.625311e-002	1.000000e-030	1.000000e-030	1.000000e-030	2.726655e-002	1.817770e-002	1.818739e-002	5.453311e-002	8.119077e-005	1.000000e-030	1.000000e-030	1.000000e-030	4.182740e-001	1.000000e-030	1.000000e-030	1.000000e-030	9.088851e-003	9.088851e-003	1.000000e-030	1.000000e-030	1.000000e-030	1.000000e-030	2.363608e-001	
