9.090851e-001	9.091494e-002	0.000000e+000	0.000000e+000	0.000000e+000	
0.000000e+000	9.154194e-001	8.458058e-002	0.000000e+000	0.000000e+000	
0.000000e+000	0.000000e+000	9.269033e-001	7.309672e-002	0.000000e+000	
0.000000e+000	0.000000e+000	0.000000e+000	8.262251e-001	1.737749e-001	
0.000000e+000	0.000000e+000	0.000000e+000	0.000000e+000	1.000000e+000	
1.000000e-030	1.000000e-030	1.000000e-030	1.000000e-030	1.000000e-030	1.000000e-030	1.000000e-030	1.000000e-030	1.000000e-030	1.000000e-030	1.000000e-030	1.000000e-030	1.000000e-030	1.000000e-030	1.000000e-030	7.432763e-002	1.000000e-030	1.000000e-030	1.000000e-030	1.000000e-030	1.000000e-030	2.176716e-001	1.000000e-030	1.000000e-030	1.000000e-030	1.000000e-030	1.000000e-030	1.000000e-030	1.000000e-030	1.000000e-030	1.000000e-030	7.080008e-001	
1.000000e-030	1.000000e-030	1.000000e-030	1.000000e-030	1.000000e-030	1.000000e-030	1.000000e-030	1.000000e-030	1.000000e-030	1.000000e-030	1.000000e-030	1.000000e-030	1.000000e-030	1.000000e-030	1.000000e-030	5.639806e-002	1.000000e-030	1.000000e-030	1.000000e-030	1.000000e-030	1.000000e-030	2.999555e-001	1.000000e-030	1.000000e-030	1.000000e-030	1.000000e-030	1.000000e-030	1.000000e-030	1.000000e-030	1.000000e-030	1.000000e-030	6.436465e-001	
1.000000e-030	1.000000e-030	1.000000e-030	1.000000e-030	1.000000e-030	1.000000e-030	1.000000e-030	1.000000e-030	1.000000e-030	1.000000e-030	1.000000e-030	1.000000e-030	1.000000e-030	1.000000e-030	1.000000e-030	2.512660e-001	1.000000e-030	1.000000e-030	1.000000e-030	1.000000e-030	1.000000e-030	4.730900e-003	1.000000e-030	1.000000e-030	1.000000e-030	1.000000e-030	1.000000e-030	1.000000e-030	1.000000e-030	1.000000e-030	1.000000e-030	7.440031e-001	
1.000000e-030	1.000000e-030	1.000000e-030	5.778520e-009	1.000000e-030	1.000000e-030	1.000000e-030	1.000000e-030	1.000000e-030	1.000000e-030	1.000000e-030	1.000000e-030	1.000000e-030	1.000000e-030	1.000000e-030	1.339670e-002	1.000000e-030	1.000000e-030	1.000000e-030	1.000000e-030	1.000000e-030	1.176239e-001	1.000000e-030	1.000000e-030	1.000000e-030	1.000000e-030	1.000000e-030	1.000000e-030	1.000000e-030	1.000000e-030	1.000000e-030	8.689794e-001	
9.368332e-003	1.000000e-030	1.000000e-030	6.557832e-002	1.873666e-002	1.873666e-002	4.684166e-002	1.000000e-030	1.000000e-030	6.557832e-002	1.000000e-030	1.000000e-030	1.000000e-030	9.368332e-003	1.000000e-030	4.685210e-002	1.873666e-002	9.368332e-003	2.810500e-002	1.000000e-030	1.000000e-030	1.153971e-001	1.000000e-030	1.000000e-030	8.431499e-002	9.368332e-003	1.000000e-030	1.000000e-030	1.000000e-030	9.368332e-003	1.000000e-030	4.442809e-001	
