9.230769e-001	7.692308e-002	0.000000e+000	0.000000e+000	0.000000e+000	
0.000000e+000	6.345278e-001	3.654722e-001	0.000000e+000	0.000000e+000	
0.000000e+000	0.000000e+000	9.407862e-001	5.921376e-002	0.000000e+000	
0.000000e+000	0.000000e+000	0.000000e+000	9.344341e-001	6.556592e-002	
0.000000e+000	0.000000e+000	0.000000e+000	0.000000e+000	1.000000e+000	
1.000000e-030	8.461538e-001	1.000000e-030	1.000000e-030	1.000000e-030	1.000000e-030	1.000000e-030	7.692308e-002	1.000000e-030	1.000000e-030	1.000000e-030	1.000000e-030	1.000000e-030	1.000000e-030	1.000000e-030	1.000000e-030	1.000000e-030	7.692308e-002	1.000000e-030	1.000000e-030	1.000000e-030	1.000000e-030	1.000000e-030	1.000000e-030	1.000000e-030	1.000000e-030	1.000000e-030	1.000000e-030	1.000000e-030	1.000000e-030	1.000000e-030	1.000000e-030	
1.000000e-030	9.072985e-030	1.000000e-030	1.000000e-030	1.000000e-030	3.654722e-001	1.000000e-030	1.000000e-030	1.000000e-030	1.000000e-030	1.000000e-030	1.000000e-030	1.000000e-030	1.000000e-030	1.000000e-030	1.000000e-030	1.000000e-030	6.345278e-001	1.000000e-030	1.000000e-030	1.000000e-030	1.000000e-030	1.000000e-030	1.000000e-030	1.000000e-030	1.000000e-030	1.000000e-030	1.000000e-030	1.000000e-030	1.000000e-030	1.000000e-030	1.000000e-030	
1.000000e-030	5.455531e-001	1.000000e-030	9.780683e-015	1.000000e-030	1.000000e-030	1.000000e-030	2.960656e-001	1.000000e-030	1.000000e-030	1.000000e-030	1.000000e-030	1.000000e-030	1.000000e-030	5.921239e-002	1.000000e-030	1.000000e-030	9.916898e-002	1.000000e-030	1.000000e-030	1.000000e-030	1.000000e-030	1.000000e-030	1.000000e-030	1.000000e-030	1.000000e-030	1.000000e-030	1.000000e-030	1.000000e-030	1.000000e-030	1.000000e-030	1.000000e-030	
1.000000e-030	6.477357e-001	1.000000e-030	6.546004e-002	1.000000e-030	1.000000e-030	1.000000e-030	7.841321e-002	1.000000e-030	1.000000e-030	1.000000e-030	1.000000e-030	1.000000e-030	1.000000e-030	2.476208e-027	1.000000e-030	1.000000e-030	2.083910e-001	1.000000e-030	1.000000e-030	1.000000e-030	1.000000e-030	1.000000e-030	1.000000e-030	1.000000e-030	1.000000e-030	1.000000e-030	1.000000e-030	1.000000e-030	1.000000e-030	1.000000e-030	1.000000e-030	
3.955539e-002	4.243064e-001	1.000000e-030	9.904816e-003	9.888847e-003	9.888847e-003	1.977769e-002	5.739596e-002	9.888847e-003	3.955539e-002	1.000000e-030	1.000000e-030	1.000000e-030	1.000000e-030	9.889077e-003	1.000000e-030	3.955539e-002	1.721718e-001	9.888847e-003	1.000000e-030	1.000000e-030	1.000000e-030	1.000000e-030	9.888847e-003	1.285550e-001	1.000000e-030	9.888847e-003	1.000000e-030	1.000000e-030	1.000000e-030	1.000000e-030	1.000000e-030	
