5.450459e-001	4.549541e-001	0.000000e+000	0.000000e+000	0.000000e+000	
0.000000e+000	9.519276e-001	4.807236e-002	0.000000e+000	0.000000e+000	
0.000000e+000	0.000000e+000	0.000000e+000	1.000000e+000	0.000000e+000	
0.000000e+000	0.000000e+000	0.000000e+000	9.299951e-001	7.000486e-002	
0.000000e+000	0.000000e+000	0.000000e+000	0.000000e+000	1.000000e+000	
1.000000e-030	1.000000e-030	1.000000e-030	1.000000e-030	1.000000e-030	4.549541e-001	1.000000e-030	1.000000e-030	1.000000e-030	1.000000e-030	1.000000e-030	1.000000e-030	1.000000e-030	1.000000e-030	1.000000e-030	1.000000e-030	1.000000e-030	1.000000e-030	1.000000e-030	1.000000e-030	1.000000e-030	5.450459e-001	1.000000e-030	1.000000e-030	1.000000e-030	1.000000e-030	1.000000e-030	1.000000e-030	1.000000e-030	1.000000e-030	1.000000e-030	1.000000e-030	
1.000000e-030	1.000000e-030	1.000000e-030	1.000000e-030	1.000000e-030	3.845788e-001	1.000000e-030	1.000000e-030	1.000000e-030	1.000000e-030	1.000000e-030	1.000000e-030	1.000000e-030	1.000000e-030	1.000000e-030	1.000000e-030	1.000000e-030	1.000000e-030	1.000000e-030	1.000000e-030	1.000000e-030	2.308423e-001	1.000000e-030	9.614471e-002	1.000000e-030	1.000000e-030	1.000000e-030	1.000000e-030	1.000000e-030	1.000000e-030	1.000000e-030	2.884341e-001	
1.000000e-030	1.000000e-030	1.000000e-030	1.000000e-030	1.000000e-030	1.000000e-030	1.000000e-030	1.000000e-030	1.000000e-030	1.000000e-030	1.000000e-030	1.000000e-030	1.000000e-030	1.000000e-030	1.000000e-030	1.000000e-030	1.000000e-030	1.000000e-030	1.000000e-030	1.000000e-030	1.000000e-030	5.005919e-030	1.000000e-030	1.000000e+000	1.000000e-030	1.000000e-030	1.000000e-030	1.000000e-030	1.000000e-030	1.000000e-030	1.000000e-030	1.000000e-030	
1.000000e-030	1.000000e-030	1.000000e-030	1.000000e-030	1.000000e-030	6.008142e-001	1.000000e-030	1.000000e-030	1.000000e-030	1.000000e-030	1.000000e-030	1.000000e-030	1.000000e-030	1.000000e-030	1.000000e-030	1.000000e-030	1.000000e-030	1.000000e-030	1.000000e-030	1.000000e-030	1.000000e-030	3.991858e-001	1.000000e-030	1.000000e-030	1.000000e-030	1.000000e-030	1.000000e-030	1.000000e-030	1.000000e-030	1.000000e-030	1.000000e-030	1.000000e-030	
9.032177e-003	1.806435e-002	1.000000e-030	9.032177e-002	9.032177e-003	1.031252e-001	3.612871e-002	1.000000e-030	4.516089e-002	9.032177e-003	1.000000e-030	1.000000e-030	1.000000e-030	1.806435e-002	1.000000e-030	9.032177e-003	3.612871e-002	9.032177e-003	2.709653e-002	1.000000e-030	1.000000e-030	3.730085e-001	9.032177e-003	4.516089e-002	4.516089e-002	1.000000e-030	2.709653e-002	1.000000e-030	1.000000e-030	9.032177e-003	1.000000e-030	7.225742e-002	
