0.000000e+000	1.000000e+000	0.000000e+000	0.000000e+000	0.000000e+000	
0.000000e+000	9.513658e-001	4.863417e-002	0.000000e+000	0.000000e+000	
0.000000e+000	0.000000e+000	9.362640e-001	6.373595e-002	0.000000e+000	
0.000000e+000	0.000000e+000	0.000000e+000	8.856988e-001	1.143012e-001	
0.000000e+000	0.000000e+000	0.000000e+000	0.000000e+000	1.000000e+000	
1.000000e-030	1.000000e-030	1.000000e-030	1.000000e-030	1.000000e-030	1.000000e+000	1.000000e-030	1.000000e-030	1.000000e-030	1.000000e-030	1.000000e-030	1.000000e-030	1.000000e-030	1.000000e-030	1.000000e-030	1.000000e-030	1.000000e-030	1.000000e-030	1.000000e-030	1.000000e-030	1.000000e-030	1.000000e-030	1.000000e-030	1.000000e-030	1.000000e-030	1.000000e-030	1.000000e-030	1.000000e-030	1.000000e-030	1.000000e-030	1.000000e-030	1.000000e-030	
1.000000e-030	1.000000e-030	1.000000e-030	1.000000e-030	1.000000e-030	1.016276e-001	1.000000e-030	1.000000e-030	1.000000e-030	1.000000e-030	1.000000e-030	1.000000e-030	1.000000e-030	1.000000e-030	1.000000e-030	9.025520e-002	1.000000e-030	1.000000e-030	1.000000e-030	1.000000e-030	1.000000e-030	2.040991e-001	1.000000e-030	1.000000e-030	1.000000e-030	1.000000e-030	1.000000e-030	1.000000e-030	1.000000e-030	1.000000e-030	1.000000e-030	6.040181e-001	
1.000000e-030	1.000000e-030	1.000000e-030	2.417414e-001	1.000000e-030	5.806697e-002	1.000000e-030	1.000000e-030	1.000000e-030	1.000000e-030	1.000000e-030	1.000000e-030	1.000000e-030	1.000000e-030	1.000000e-030	7.292679e-002	1.000000e-030	1.000000e-030	1.000000e-030	1.000000e-030	1.000000e-030	1.441128e-001	1.000000e-030	1.000000e-030	1.000000e-030	1.000000e-030	1.000000e-030	1.000000e-030	1.000000e-030	1.000000e-030	1.000000e-030	4.831520e-001	
1.000000e-030	1.000000e-030	1.000000e-030	8.237848e-001	1.000000e-030	1.142225e-001	1.000000e-030	1.000000e-030	1.000000e-030	1.000000e-030	1.000000e-030	1.000000e-030	1.000000e-030	1.000000e-030	1.000000e-030	1.000000e-030	1.000000e-030	1.000000e-030	1.000000e-030	1.000000e-030	1.000000e-030	6.199270e-002	1.000000e-030	1.000000e-030	1.000000e-030	1.000000e-030	1.000000e-030	1.000000e-030	1.000000e-030	1.000000e-030	1.000000e-030	1.000000e-030	
1.941752e-002	9.708759e-003	1.000000e-030	1.000000e-030	1.941752e-002	1.000000e-030	2.912628e-002	1.000000e-030	1.000000e-030	4.854380e-002	1.000000e-030	1.000000e-030	1.000000e-030	2.912628e-002	1.000000e-030	9.708759e-002	4.854380e-002	1.000000e-030	9.708759e-003	1.000000e-030	1.000000e-030	2.233007e-001	1.000000e-030	1.000000e-030	9.708759e-002	9.708759e-003	1.000000e-030	1.000000e-030	1.000000e-030	1.941752e-002	1.000000e-030	3.398051e-001	
