6.665213e-001	3.334787e-001	0.000000e+000	0.000000e+000	0.000000e+000	
0.000000e+000	9.128974e-001	8.710264e-002	0.000000e+000	0.000000e+000	
0.000000e+000	0.000000e+000	7.970603e-001	2.029397e-001	0.000000e+000	
0.000000e+000	0.000000e+000	0.000000e+000	9.813058e-001	1.869416e-002	
0.000000e+000	0.000000e+000	0.000000e+000	0.000000e+000	1.000000e+000	
1.000000e-030	1.000000e-030	1.000000e-030	1.000000e-030	1.000000e-030	4.582254e-015	1.000000e-030	1.000000e-030	1.000000e-030	1.000000e-030	1.000000e-030	1.000000e-030	1.000000e-030	1.000000e-030	1.000000e-030	1.000000e-030	1.000000e-030	6.667394e-001	1.000000e-030	1.000000e-030	1.000000e-030	3.332606e-001	1.000000e-030	1.000000e-030	1.000000e-030	1.000000e-030	1.000000e-030	1.000000e-030	1.000000e-030	1.000000e-030	1.000000e-030	1.000000e-030	
1.000000e-030	1.000000e-030	1.000000e-030	1.000000e-030	1.000000e-030	6.076528e-001	1.000000e-030	1.000000e-030	1.000000e-030	1.000000e-030	1.000000e-030	1.000000e-030	1.000000e-030	1.000000e-030	1.000000e-030	1.000000e-030	1.000000e-030	1.000000e-030	1.000000e-030	1.000000e-030	1.000000e-030	3.923472e-001	1.000000e-030	1.000000e-030	1.000000e-030	1.000000e-030	1.000000e-030	1.000000e-030	1.000000e-030	1.000000e-030	1.000000e-030	1.000000e-030	
1.000000e-030	1.000000e-030	1.000000e-030	1.000000e-030	1.000000e-030	8.770567e-021	1.000000e-030	1.000000e-030	1.000000e-030	1.000000e-030	1.000000e-030	1.000000e-030	1.000000e-030	1.000000e-030	1.000000e-030	1.000000e-030	1.000000e-030	6.026793e-001	1.000000e-030	1.000000e-030	1.000000e-030	3.973207e-001	1.000000e-030	1.000000e-030	1.000000e-030	1.000000e-030	1.000000e-030	1.000000e-030	1.000000e-030	1.000000e-030	1.000000e-030	1.000000e-030	
1.000000e-030	1.000000e-030	1.000000e-030	1.000000e-030	1.000000e-030	2.977159e-001	1.000000e-030	1.000000e-030	1.000000e-030	1.000000e-030	1.000000e-030	1.000000e-030	1.000000e-030	1.000000e-030	1.000000e-030	1.000000e-030	1.000000e-030	1.946096e-001	1.000000e-030	1.000000e-030	1.000000e-030	4.515925e-001	1.000000e-030	5.608198e-002	1.000000e-030	1.000000e-030	1.000000e-030	1.000000e-030	1.000000e-030	1.000000e-030	1.000000e-030	1.000000e-030	
2.628108e-002	2.628108e-002	1.000000e-030	1.000000e-030	1.314054e-002	1.458351e-001	1.314054e-002	1.000000e-030	1.314054e-002	5.256216e-002	1.000000e-030	1.000000e-030	1.000000e-030	1.000000e-030	1.000000e-030	1.000000e-030	9.198378e-002	1.658432e-001	2.628108e-002	1.000000e-030	1.000000e-030	1.758404e-001	1.000000e-030	2.628142e-002	1.445459e-001	3.942162e-002	1.000000e-030	1.000000e-030	1.000000e-030	1.314054e-002	1.000000e-030	2.628108e-002	
