3.217023e-008	1.000000e+000	0.000000e+000	0.000000e+000	0.000000e+000	
0.000000e+000	8.732997e-001	1.267003e-001	0.000000e+000	0.000000e+000	
0.000000e+000	0.000000e+000	9.445665e-001	5.543352e-002	0.000000e+000	
0.000000e+000	0.000000e+000	0.000000e+000	9.305613e-001	6.943871e-002	
0.000000e+000	0.000000e+000	0.000000e+000	0.000000e+000	1.000000e+000	
1.000000e-030	1.000000e-030	1.000000e-030	1.000000e-030	1.000000e-030	1.000000e+000	1.000000e-030	1.000000e-030	1.000000e-030	1.000000e-030	1.000000e-030	1.000000e-030	1.000000e-030	1.000000e-030	1.000000e-030	1.000000e-030	1.000000e-030	1.000000e-030	1.000000e-030	1.000000e-030	1.000000e-030	3.217023e-008	1.000000e-030	1.000000e-030	1.000000e-030	1.000000e-030	1.000000e-030	1.000000e-030	1.000000e-030	1.000000e-030	1.000000e-030	1.000000e-030	
1.000000e-030	1.000000e-030	1.000000e-030	1.000000e-030	1.000000e-030	1.386837e-003	1.000000e-030	1.000000e-030	1.000000e-030	1.000000e-030	1.000000e-030	1.000000e-030	1.000000e-030	1.000000e-030	1.000000e-030	1.000000e-030	1.000000e-030	2.341475e-001	1.000000e-030	1.000000e-030	1.000000e-030	5.480008e-001	1.000000e-030	2.164648e-001	1.000000e-030	1.000000e-030	1.000000e-030	1.000000e-030	1.000000e-030	1.000000e-030	1.000000e-030	1.000000e-030	
1.000000e-030	1.000000e-030	1.000000e-030	5.543352e-002	1.000000e-030	2.765605e-001	1.000000e-030	1.000000e-030	1.000000e-030	1.000000e-030	1.000000e-030	1.000000e-030	1.000000e-030	1.000000e-030	1.000000e-030	1.000000e-030	1.000000e-030	9.159538e-002	1.000000e-030	1.000000e-030	1.000000e-030	4.493835e-001	1.000000e-030	7.159356e-002	1.000000e-030	5.543352e-002	1.000000e-030	1.000000e-030	1.000000e-030	1.000000e-030	1.000000e-030	9.784307e-022	
1.000000e-030	1.000000e-030	1.000000e-030	1.000000e-030	1.000000e-030	1.245351e-006	1.000000e-030	1.000000e-030	1.000000e-030	1.000000e-030	1.000000e-030	1.000000e-030	1.000000e-030	1.000000e-030	6.943871e-002	1.000000e-030	1.000000e-030	2.795816e-001	1.000000e-030	1.000000e-030	1.000000e-030	5.815398e-001	1.000000e-030	1.000000e-030	1.000000e-030	1.000000e-030	1.000000e-030	1.000000e-030	1.000000e-030	1.000000e-030	1.000000e-030	6.943871e-002	
3.715175e-002	1.857587e-002	1.000000e-030	9.287936e-003	9.287936e-003	1.671827e-001	2.786381e-002	1.857587e-002	1.000000e-030	4.643968e-002	1.000000e-030	1.000000e-030	1.000000e-030	1.857587e-002	1.000000e-030	1.000000e-030	5.572762e-002	8.798745e-002	1.000000e-030	1.000000e-030	1.000000e-030	2.990089e-001	1.000000e-030	3.715175e-002	1.114552e-001	9.287936e-003	1.000000e-030	1.000000e-030	1.000000e-030	1.000000e-030	1.000000e-030	4.643968e-002	
