7.966773e-001	2.033227e-001	0.000000e+000	0.000000e+000	0.000000e+000	
0.000000e+000	9.078367e-001	9.216330e-002	0.000000e+000	0.000000e+000	
0.000000e+000	0.000000e+000	9.506844e-001	4.931563e-002	0.000000e+000	
0.000000e+000	0.000000e+000	0.000000e+000	9.642278e-001	3.577217e-002	
0.000000e+000	0.000000e+000	0.000000e+000	0.000000e+000	1.000000e+000	
1.000000e-030	1.000000e-030	1.000000e-030	1.000000e-030	1.000000e-030	1.000000e-030	1.000000e-030	1.000000e-030	1.000000e-030	1.000000e-030	1.000000e-030	1.000000e-030	1.000000e-030	1.000000e-030	1.000000e-030	5.165511e-014	1.000000e-030	1.000000e-030	1.000000e-030	1.000000e-030	1.000000e-030	1.000000e-030	1.000000e-030	3.320456e-004	1.000000e-030	1.000000e-030	1.000000e-030	1.000000e-030	1.000000e-030	1.000000e-030	1.000000e-030	9.996680e-001	
1.000000e-030	1.000000e-030	1.000000e-030	1.000000e-030	1.000000e-030	1.000000e-030	1.000000e-030	1.000000e-030	1.000000e-030	1.000000e-030	1.000000e-030	1.000000e-030	1.000000e-030	1.000000e-030	1.000000e-030	8.840760e-002	1.000000e-030	1.000000e-030	1.000000e-030	1.000000e-030	1.000000e-030	1.405402e-002	1.000000e-030	8.999742e-002	1.000000e-030	2.095433e-008	1.000000e-030	1.000000e-030	1.000000e-030	1.000000e-030	1.000000e-030	8.075409e-001	
1.000000e-030	1.000000e-030	1.000000e-030	1.000000e-030	1.000000e-030	1.000000e-030	1.000000e-030	1.000000e-030	1.000000e-030	1.000000e-030	1.000000e-030	1.000000e-030	1.000000e-030	1.000000e-030	1.000000e-030	1.271820e-001	1.000000e-030	1.000000e-030	1.000000e-030	1.000000e-030	1.000000e-030	2.707666e-001	1.000000e-030	5.351705e-002	1.000000e-030	4.931561e-002	1.000000e-030	1.000000e-030	1.000000e-030	1.000000e-030	1.000000e-030	4.992187e-001	
1.000000e-030	1.000000e-030	1.000000e-030	3.695704e-008	1.000000e-030	1.000000e-030	1.000000e-030	1.000000e-030	1.000000e-030	1.000000e-030	1.000000e-030	1.000000e-030	1.000000e-030	1.000000e-030	1.000000e-030	3.261323e-001	1.000000e-030	1.000000e-030	1.000000e-030	1.000000e-030	1.000000e-030	8.281891e-002	1.000000e-030	3.350683e-002	1.000000e-030	4.970550e-014	1.000000e-030	1.000000e-030	1.000000e-030	1.000000e-030	1.000000e-030	5.575419e-001	
2.352964e-002	3.529446e-002	1.000000e-030	2.352963e-002	2.352964e-002	2.352964e-002	1.000000e-030	1.000000e-030	1.000000e-030	1.000000e-030	1.000000e-030	1.000000e-030	1.294130e-001	4.705929e-002	1.000000e-030	1.217057e-001	1.000000e-030	7.058893e-002	1.000000e-030	1.000000e-030	1.000000e-030	4.755165e-002	1.000000e-030	1.000000e-030	1.000000e-030	1.000000e-030	3.529446e-002	1.000000e-030	8.235375e-002	1.000000e-030	1.000000e-030	3.366202e-001	
