7.988432e-001	2.011568e-001	0.000000e+000	0.000000e+000	0.000000e+000	
0.000000e+000	8.734587e-001	1.265413e-001	0.000000e+000	0.000000e+000	
0.000000e+000	0.000000e+000	8.853087e-001	1.146913e-001	0.000000e+000	
0.000000e+000	0.000000e+000	0.000000e+000	9.563796e-001	4.362039e-002	
0.000000e+000	0.000000e+000	0.000000e+000	0.000000e+000	1.000000e+000	
1.000000e-030	1.000000e-030	1.000000e-030	1.000155e-016	1.000000e-030	1.000000e-030	1.000000e-030	1.000000e-030	1.000000e-030	1.000000e-030	1.000000e-030	1.000000e-030	1.000000e-030	1.000000e-030	1.000000e-030	6.698291e-003	1.000000e-030	1.000000e-030	1.000000e-030	1.000000e-030	1.000000e-030	3.836545e-001	1.000000e-030	1.000000e-030	1.000000e-030	1.000000e-030	1.000000e-030	1.000000e-030	1.000000e-030	1.000000e-030	1.000000e-030	6.096472e-001	
1.000000e-030	1.000000e-030	1.000000e-030	3.370447e-009	1.000000e-030	1.000000e-030	1.000000e-030	1.000000e-030	1.000000e-030	1.000000e-030	1.000000e-030	1.000000e-030	1.000000e-030	1.000000e-030	1.000000e-030	1.222508e-001	1.000000e-030	1.000000e-030	1.000000e-030	1.000000e-030	1.000000e-030	6.781226e-001	1.000000e-030	1.000000e-030	1.000000e-030	1.000000e-030	1.000000e-030	1.000000e-030	1.000000e-030	1.000000e-030	1.000000e-030	1.996266e-001	
1.000000e-030	1.000000e-030	1.000000e-030	4.348171e-002	1.000000e-030	1.000000e-030	1.000000e-030	1.000000e-030	1.000000e-030	1.000000e-030	1.000000e-030	1.000000e-030	1.000000e-030	1.000000e-030	1.000000e-030	7.091859e-005	1.000000e-030	1.000000e-030	1.000000e-030	1.000000e-030	1.000000e-030	5.791394e-001	1.000000e-030	1.000000e-030	1.000000e-030	1.000000e-030	1.000000e-030	1.000000e-030	1.000000e-030	1.000000e-030	1.000000e-030	3.773080e-001	
1.000000e-030	1.000000e-030	1.000000e-030	5.036631e-002	1.000000e-030	1.000000e-030	1.000000e-030	1.000000e-030	1.000000e-030	5.047143e-020	1.000000e-030	1.000000e-030	1.000000e-030	1.000000e-030	1.000000e-030	4.313871e-002	1.000000e-030	1.000000e-030	1.000000e-030	1.000000e-030	1.000000e-030	2.380265e-001	1.000000e-030	1.000000e-030	1.000000e-030	2.153402e-005	1.000000e-030	1.000000e-030	1.000000e-030	1.000000e-030	1.000000e-030	6.684470e-001	
3.828408e-002	1.000000e-030	1.000000e-030	1.403331e-002	9.571020e-003	1.000000e-030	1.000000e-030	1.000000e-030	1.000000e-030	2.871306e-002	1.000000e-030	9.571020e-003	9.571020e-003	5.742612e-002	1.000000e-030	4.796068e-002	1.000000e-030	9.571020e-003	1.000000e-030	1.000000e-030	9.571020e-003	1.074589e-001	1.000000e-030	1.000000e-030	1.000000e-030	2.870833e-002	1.000000e-030	1.000000e-030	1.531363e-001	1.000000e-030	1.000000e-030	4.764241e-001	
