8.447021e-001	1.552979e-001	0.000000e+000	0.000000e+000	0.000000e+000	
0.000000e+000	8.924637e-001	1.075363e-001	0.000000e+000	0.000000e+000	
0.000000e+000	0.000000e+000	8.792677e-001	1.207323e-001	0.000000e+000	
0.000000e+000	0.000000e+000	0.000000e+000	9.664379e-001	3.356213e-002	
0.000000e+000	0.000000e+000	0.000000e+000	0.000000e+000	1.000000e+000	
1.000000e-030	1.000000e-030	1.000000e-030	1.000000e-030	1.000000e-030	4.597901e-001	1.000000e-030	1.000000e-030	1.000000e-030	1.000000e-030	1.000000e-030	1.000000e-030	1.000000e-030	1.000000e-030	1.000000e-030	1.000000e-030	1.000000e-030	3.805763e-020	1.000000e-030	1.000000e-030	1.000000e-030	3.142510e-001	1.000000e-030	1.232834e-001	1.000000e-030	1.000000e-030	1.000000e-030	1.000000e-030	1.000000e-030	1.000000e-030	1.000000e-030	1.026755e-001	
1.000000e-030	1.000000e-030	1.000000e-030	1.000000e-030	1.000000e-030	2.832852e-001	1.000000e-030	1.000000e-030	1.000000e-030	1.000000e-030	1.000000e-030	1.000000e-030	1.000000e-030	1.000000e-030	1.000000e-030	1.000000e-030	1.000000e-030	1.124610e-008	1.000000e-030	1.000000e-030	1.000000e-030	4.616290e-001	1.000000e-030	1.830991e-001	1.000000e-030	1.000000e-030	1.000000e-030	1.000000e-030	1.000000e-030	1.000000e-030	1.000000e-030	7.198668e-002	
1.000000e-030	1.000000e-030	1.000000e-030	2.397705e-015	1.000000e-030	2.943684e-001	1.000000e-030	1.000000e-030	1.000000e-030	1.000000e-030	1.000000e-030	1.000000e-030	1.000000e-030	1.000000e-030	1.000000e-030	1.000000e-030	1.000000e-030	1.910312e-002	1.000000e-030	1.000000e-030	1.000000e-030	5.449207e-001	1.000000e-030	6.078593e-002	1.000000e-030	1.000000e-030	1.000000e-030	1.000000e-030	1.000000e-030	1.000000e-030	1.000000e-030	8.082190e-002	
1.000000e-030	1.000000e-030	1.000000e-030	5.369444e-001	1.000000e-030	1.477008e-001	1.000000e-030	1.000000e-030	1.000000e-030	2.874768e-009	1.000000e-030	1.000000e-030	1.000000e-030	1.000000e-030	1.000000e-030	1.000000e-030	1.000000e-030	2.089551e-001	1.000000e-030	1.000000e-030	1.000000e-030	7.283752e-002	1.000000e-030	3.356213e-002	1.000000e-030	1.000000e-030	1.000000e-030	1.000000e-030	1.000000e-030	1.000000e-030	1.000000e-030	5.998422e-011	
1.050604e-002	1.050604e-002	1.000000e-030	4.203974e-002	3.151813e-002	2.160670e-001	1.000000e-030	1.000000e-030	2.101209e-002	5.253022e-002	1.000000e-030	1.000000e-030	1.050604e-002	4.202417e-002	1.000000e-030	1.000000e-030	1.000000e-030	4.849436e-002	3.151813e-002	1.000000e-030	1.000000e-030	2.521450e-001	1.000000e-030	5.253022e-002	1.000000e-030	1.050604e-002	1.000000e-030	1.000000e-030	1.365786e-001	1.000000e-030	1.000000e-030	3.151813e-002	
