8.373342e-001	1.626658e-001	0.000000e+000	0.000000e+000	0.000000e+000	
0.000000e+000	9.084319e-001	9.156812e-002	0.000000e+000	0.000000e+000	
0.000000e+000	0.000000e+000	8.505592e-001	1.494408e-001	0.000000e+000	
0.000000e+000	0.000000e+000	0.000000e+000	9.348908e-001	6.510917e-002	
0.000000e+000	0.000000e+000	0.000000e+000	0.000000e+000	1.000000e+000	
1.000000e-030	1.000000e-030	1.000000e-030	1.000000e-030	1.000000e-030	1.626652e-001	1.000000e-030	1.000000e-030	1.000000e-030	1.000000e-030	1.000000e-030	1.000000e-030	1.000000e-030	1.000000e-030	1.000000e-030	1.000000e-030	1.000000e-030	1.000000e-030	1.000000e-030	1.000000e-030	1.000000e-030	2.734178e-001	1.000000e-030	1.904398e-015	1.000000e-030	1.000000e-030	1.000000e-030	1.000000e-030	1.000000e-030	1.000000e-030	1.000000e-030	5.639169e-001	
1.000000e-030	1.000000e-030	1.000000e-030	1.000000e-030	1.000000e-030	2.973764e-007	1.000000e-030	1.000000e-030	1.000000e-030	1.000000e-030	1.000000e-030	1.000000e-030	1.000000e-030	1.000000e-030	1.000000e-030	1.834564e-007	1.000000e-030	1.000000e-030	1.000000e-030	1.000000e-030	1.000000e-030	5.761525e-001	1.000000e-030	8.771441e-002	1.000000e-030	1.000000e-030	1.000000e-030	1.000000e-030	1.000000e-030	1.000000e-030	1.000000e-030	3.361326e-001	
1.000000e-030	1.000000e-030	1.000000e-030	1.000000e-030	1.000000e-030	1.089105e-007	1.000000e-030	1.000000e-030	1.000000e-030	1.000000e-030	1.000000e-030	1.000000e-030	1.000000e-030	1.000000e-030	1.000000e-030	1.494405e-001	1.000000e-030	1.000000e-030	1.000000e-030	1.000000e-030	1.000000e-030	5.659469e-001	1.000000e-030	6.289323e-003	1.000000e-030	1.000000e-030	1.000000e-030	1.000000e-030	1.000000e-030	1.000000e-030	1.000000e-030	2.783232e-001	
1.000000e-030	1.000000e-030	1.000000e-030	4.555191e-001	1.000000e-030	3.143604e-001	1.000000e-030	1.000000e-030	1.000000e-030	1.000000e-030	1.000000e-030	1.000000e-030	1.000000e-030	6.510917e-002	1.000000e-030	1.000000e-030	1.000000e-030	1.000000e-030	1.000000e-030	1.000000e-030	1.000000e-030	1.650113e-001	1.000000e-030	1.000000e-030	1.000000e-030	1.000000e-030	1.000000e-030	1.000000e-030	1.000000e-030	1.000000e-030	1.000000e-030	1.343210e-007	
1.000000e-030	9.100741e-003	1.000000e-030	9.135007e-003	9.100741e-003	9.257087e-002	1.000000e-030	9.100741e-003	9.100741e-003	4.550371e-002	1.000000e-030	1.000000e-030	2.730222e-002	5.460445e-002	9.100741e-003	9.100741e-003	1.000000e-030	3.640296e-002	9.100741e-003	1.000000e-030	1.000000e-030	2.794437e-001	1.000000e-030	5.460445e-002	1.000000e-030	9.100741e-003	1.000000e-030	1.000000e-030	1.547126e-001	1.000000e-030	1.000000e-030	1.729141e-001	
