7.500000e-001	2.500000e-001	0.000000e+000	0.000000e+000	0.000000e+000	
0.000000e+000	5.000000e-001	5.000000e-001	0.000000e+000	0.000000e+000	
0.000000e+000	0.000000e+000	9.381382e-001	6.186175e-002	0.000000e+000	
0.000000e+000	0.000000e+000	0.000000e+000	9.715551e-001	2.844491e-002	
0.000000e+000	0.000000e+000	0.000000e+000	0.000000e+000	1.000000e+000	
1.000000e-030	1.000000e-030	1.000000e-030	1.000000e-030	1.000000e-030	1.000000e-030	1.000000e-030	1.000000e-030	1.000000e-030	1.000000e-030	1.000000e-030	1.000000e-030	1.000000e-030	1.000000e-030	1.000000e-030	1.000000e-030	1.000000e-030	1.000000e-030	1.000000e-030	1.000000e-030	1.000000e-030	2.500000e-001	1.000000e-030	1.000000e-030	1.000000e-030	1.000000e-030	1.000000e-030	1.000000e-030	1.000000e-030	1.000000e-030	1.000000e-030	7.500000e-001	
1.000000e-030	1.000000e-030	1.000000e-030	1.000000e-030	1.000000e-030	1.000000e-030	1.000000e-030	1.000000e-030	1.000000e-030	1.000000e-030	1.000000e-030	1.000000e-030	1.000000e-030	1.000000e-030	1.000000e-030	1.000000e+000	1.000000e-030	1.000000e-030	1.000000e-030	1.000000e-030	1.000000e-030	1.000000e-030	1.000000e-030	1.000000e-030	1.000000e-030	1.000000e-030	1.000000e-030	1.000000e-030	1.000000e-030	1.000000e-030	1.000000e-030	2.118128e-014	
1.000000e-030	1.000000e-030	1.000000e-030	1.000000e-030	1.000000e-030	2.164693e-025	1.000000e-030	1.000000e-030	1.000000e-030	1.000000e-030	1.000000e-030	1.000000e-030	1.000000e-030	1.000000e-030	1.000000e-030	1.000000e-030	1.000000e-030	1.000000e-030	1.000000e-030	1.000000e-030	1.000000e-030	3.497219e-001	1.000000e-030	1.000000e-030	1.000000e-030	1.000000e-030	1.000000e-030	1.000000e-030	1.000000e-030	1.000000e-030	1.000000e-030	6.502781e-001	
1.000000e-030	1.000000e-030	1.000000e-030	1.137448e-001	1.000000e-030	1.116952e-001	1.000000e-030	1.000000e-030	1.000000e-030	1.000000e-030	1.000000e-030	1.000000e-030	1.000000e-030	1.000000e-030	1.000000e-030	2.844491e-002	1.000000e-030	1.000000e-030	1.000000e-030	1.000000e-030	1.000000e-030	4.242546e-001	1.000000e-030	1.000000e-030	1.000000e-030	1.000000e-030	1.000000e-030	1.000000e-030	1.000000e-030	1.000000e-030	1.000000e-030	3.218605e-001	
1.090759e-002	2.181519e-002	1.000000e-030	1.092096e-002	4.363037e-002	3.352209e-002	1.090759e-002	1.090759e-002	1.000000e-030	5.453797e-002	1.000000e-030	1.000000e-030	7.635316e-002	4.363037e-002	1.000000e-030	4.363038e-002	1.000000e-030	2.181519e-002	1.000000e-030	1.000000e-030	1.000000e-030	2.773993e-001	1.000000e-030	1.090759e-002	1.000000e-030	1.000000e-030	1.000000e-030	1.000000e-030	8.726075e-002	1.000000e-030	1.000000e-030	2.418539e-001	
