9.444444e-001	5.555556e-002	0.000000e+000	0.000000e+000	0.000000e+000	
0.000000e+000	0.000000e+000	1.000000e+000	0.000000e+000	0.000000e+000	
0.000000e+000	0.000000e+000	8.998678e-001	1.001322e-001	0.000000e+000	
0.000000e+000	0.000000e+000	0.000000e+000	9.113894e-001	8.861061e-002	
0.000000e+000	0.000000e+000	0.000000e+000	0.000000e+000	1.000000e+000	
1.000000e-030	1.000000e-030	1.000000e-030	1.000000e-030	1.000000e-030	1.000000e-030	1.000000e-030	1.000000e-030	1.000000e-030	1.000000e-030	1.000000e-030	1.000000e-030	1.000000e-030	1.000000e-030	1.000000e-030	3.888889e-001	1.000000e-030	1.000000e-030	1.000000e-030	1.000000e-030	1.000000e-030	1.000000e-030	1.000000e-030	1.000000e-030	1.000000e-030	1.000000e-030	1.000000e-030	1.000000e-030	1.000000e-030	1.000000e-030	1.000000e-030	6.111111e-001	
1.000000e-030	1.000000e-030	1.000000e-030	1.000000e-030	1.000000e-030	1.000000e-030	1.000000e-030	1.000000e-030	1.000000e-030	1.000000e-030	1.000000e-030	1.000000e-030	1.000000e-030	1.000000e-030	1.000000e-030	1.000000e-030	1.000000e-030	1.000000e-030	1.000000e-030	1.000000e-030	1.000000e-030	1.000000e-030	1.000000e-030	1.000000e+000	1.000000e-030	1.000000e-030	1.000000e-030	1.000000e-030	1.000000e-030	1.000000e-030	1.000000e-030	1.000000e-030	
1.000000e-030	1.000000e-030	1.000000e-030	1.109880e-001	1.000000e-030	1.000000e-030	1.000000e-030	1.000000e-030	1.000000e-030	1.000000e-030	1.000000e-030	1.000000e-030	1.000000e-030	1.000000e-030	1.000000e-030	4.005289e-001	1.000000e-030	1.000000e-030	1.000000e-030	1.000000e-030	1.000000e-030	1.000000e-030	1.000000e-030	1.000000e-030	1.000000e-030	1.000000e-030	1.000000e-030	1.000000e-030	1.000000e-030	1.000000e-030	1.000000e-030	4.884831e-001	
1.000000e-030	1.000000e-030	1.000000e-030	6.106677e-001	1.000000e-030	1.000000e-030	1.000000e-030	1.000000e-030	1.000000e-030	1.000000e-030	1.000000e-030	1.000000e-030	1.000000e-030	1.000000e-030	1.000000e-030	1.000000e-030	1.000000e-030	1.000000e-030	1.000000e-030	1.000000e-030	1.000000e-030	1.000000e-030	1.000000e-030	1.000000e-030	1.000000e-030	1.000000e-030	1.000000e-030	1.000000e-030	1.000000e-030	1.000000e-030	1.000000e-030	3.893323e-001	
9.197273e-003	2.759182e-002	1.000000e-030	1.000000e-030	1.000000e-030	1.000000e-030	9.197273e-003	1.839455e-002	1.000000e-030	1.839455e-002	1.000000e-030	1.000000e-030	4.598637e-002	5.518364e-002	1.000000e-030	2.391291e-001	1.000000e-030	1.839455e-002	1.000000e-030	1.000000e-030	1.000000e-030	1.839455e-002	1.000000e-030	1.000000e-030	1.000000e-030	9.197273e-003	1.000000e-030	1.000000e-030	1.471564e-001	1.000000e-030	1.000000e-030	3.837827e-001	
