9.090909e-001	9.090909e-002	0.000000e+000	0.000000e+000	0.000000e+000	
0.000000e+000	0.000000e+000	1.000000e+000	0.000000e+000	0.000000e+000	
0.000000e+000	0.000000e+000	9.380428e-001	6.195724e-002	0.000000e+000	
0.000000e+000	0.000000e+000	0.000000e+000	9.508846e-001	4.911536e-002	
0.000000e+000	0.000000e+000	0.000000e+000	0.000000e+000	1.000000e+000	
1.000000e-030	1.000000e-030	1.000000e-030	1.000000e-030	1.000000e-030	1.000000e-030	1.000000e-030	1.000000e-030	1.000000e-030	1.000000e-030	1.000000e-030	1.000000e-030	1.000000e-030	1.000000e-030	1.000000e-030	4.545455e-001	1.000000e-030	1.000000e-030	1.000000e-030	1.000000e-030	1.000000e-030	1.000000e-030	1.000000e-030	1.000000e-030	1.000000e-030	1.000000e-030	1.000000e-030	1.000000e-030	1.000000e-030	1.000000e-030	1.000000e-030	5.454545e-001	
1.000000e-030	1.000000e-030	1.000000e-030	1.000000e-030	1.000000e-030	1.000000e-030	1.000000e-030	1.000000e-030	1.000000e-030	1.000000e-030	1.000000e-030	1.000000e-030	1.000000e-030	1.000000e-030	1.000000e-030	1.000000e-030	1.000000e-030	1.000000e-030	1.000000e-030	1.000000e-030	1.000000e-030	1.000000e+000	1.000000e-030	1.000000e-030	1.000000e-030	1.000000e-030	1.000000e-030	1.000000e-030	1.000000e-030	1.000000e-030	1.000000e-030	1.000000e-030	
1.000000e-030	1.000000e-030	1.000000e-030	1.000000e-030	1.000000e-030	1.000000e-030	1.000000e-030	1.000000e-030	1.000000e-030	1.000000e-030	1.000000e-030	1.000000e-030	1.000000e-030	1.000000e-030	1.000000e-030	1.385533e-001	1.000000e-030	1.000000e-030	1.000000e-030	1.000000e-030	1.000000e-030	1.000000e-030	1.000000e-030	1.000000e-030	1.000000e-030	1.000000e-030	1.000000e-030	1.000000e-030	1.000000e-030	1.000000e-030	1.000000e-030	8.614467e-001	
1.000000e-030	1.000000e-030	1.000000e-030	9.729920e-016	1.000000e-030	1.000000e-030	1.000000e-030	1.000000e-030	1.000000e-030	1.000000e-030	1.000000e-030	1.000000e-030	1.000000e-030	1.000000e-030	1.000000e-030	2.024157e-001	1.000000e-030	1.000000e-030	1.000000e-030	1.000000e-030	1.000000e-030	1.000000e-030	1.000000e-030	1.000000e-030	1.000000e-030	1.000000e-030	1.000000e-030	1.000000e-030	1.000000e-030	1.000000e-030	1.000000e-030	7.975843e-001	
2.985086e-002	9.950288e-003	1.000000e-030	1.990058e-002	9.950288e-003	1.000000e-030	9.950288e-003	9.950288e-003	1.000000e-030	3.980115e-002	1.000000e-030	1.000000e-030	1.293537e-001	4.975144e-002	9.950288e-003	1.357468e-001	1.000000e-030	1.000000e-030	9.950288e-003	1.000000e-030	1.000000e-030	9.950288e-003	1.000000e-030	1.000000e-030	1.000000e-030	9.950288e-003	1.000000e-030	1.000000e-030	6.965202e-002	1.000000e-030	1.000000e-030	4.463411e-001	
