5.321579e-003	9.946784e-001	0.000000e+000	0.000000e+000	0.000000e+000	
0.000000e+000	8.769554e-001	1.230446e-001	0.000000e+000	0.000000e+000	
0.000000e+000	0.000000e+000	9.101715e-001	8.982852e-002	0.000000e+000	
0.000000e+000	0.000000e+000	0.000000e+000	9.623484e-001	3.765162e-002	
0.000000e+000	0.000000e+000	0.000000e+000	0.000000e+000	1.000000e+000	
1.000000e-030	1.000000e-030	1.000000e-030	1.000000e-030	1.000000e-030	1.000000e-030	1.000000e-030	1.000000e-030	1.000000e-030	1.000000e-030	1.000000e-030	1.000000e-030	1.000000e-030	1.000000e-030	1.000000e-030	9.946784e-001	1.000000e-030	1.000000e-030	1.000000e-030	1.000000e-030	1.000000e-030	6.076968e-007	1.000000e-030	1.000000e-030	1.000000e-030	1.000000e-030	1.000000e-030	1.000000e-030	1.000000e-030	1.000000e-030	1.000000e-030	5.320971e-003	
1.000000e-030	1.000000e-030	1.000000e-030	1.000000e-030	1.000000e-030	1.000000e-030	1.000000e-030	1.000000e-030	1.000000e-030	1.000000e-030	1.000000e-030	1.000000e-030	1.000000e-030	1.000000e-030	1.000000e-030	1.518235e-007	1.000000e-030	1.000000e-030	1.000000e-030	1.000000e-030	1.000000e-030	3.691317e-001	1.000000e-030	1.000000e-030	1.000000e-030	1.000000e-030	1.000000e-030	1.000000e-030	1.000000e-030	1.000000e-030	1.000000e-030	6.308682e-001	
1.000000e-030	1.000000e-030	1.000000e-030	5.816486e-015	1.000000e-030	1.000000e-030	1.000000e-030	1.000000e-030	1.000000e-030	1.000000e-030	1.000000e-030	1.000000e-030	1.000000e-030	1.000000e-030	1.000000e-030	5.050674e-001	1.000000e-030	1.000000e-030	1.000000e-030	1.000000e-030	1.000000e-030	3.681568e-008	1.000000e-030	1.000000e-030	1.000000e-030	1.000000e-030	1.000000e-030	1.000000e-030	1.000000e-030	1.000000e-030	1.000000e-030	4.949326e-001	
1.000000e-030	1.000000e-030	1.000000e-030	3.765162e-002	1.000000e-030	1.604514e-002	1.000000e-030	1.000000e-030	1.000000e-030	1.000000e-030	1.000000e-030	1.000000e-030	1.000000e-030	1.000000e-030	1.000000e-030	9.016975e-002	1.000000e-030	1.000000e-030	1.000000e-030	1.000000e-030	1.000000e-030	2.905603e-002	1.000000e-030	1.000000e-030	1.000000e-030	1.000000e-030	1.000000e-030	1.000000e-030	1.000000e-030	1.000000e-030	1.000000e-030	8.270775e-001	
1.957409e-002	1.000000e-030	1.000000e-030	1.000000e-030	1.957409e-002	3.497745e-002	1.000000e-030	9.787043e-003	1.000000e-030	9.787043e-002	1.000000e-030	1.000000e-030	8.808339e-002	3.914817e-002	9.787043e-003	1.759963e-001	1.000000e-030	1.957409e-002	1.000000e-030	1.000000e-030	1.000000e-030	2.180855e-002	1.000000e-030	1.000000e-030	1.000000e-030	1.000000e-030	1.000000e-030	1.000000e-030	9.787043e-002	1.000000e-030	1.000000e-030	3.659489e-001	
