8.408417e-001	1.591583e-001	0.000000e+000	0.000000e+000	0.000000e+000	
0.000000e+000	8.844053e-001	1.155947e-001	0.000000e+000	0.000000e+000	
0.000000e+000	0.000000e+000	9.524622e-001	4.753776e-002	0.000000e+000	
0.000000e+000	0.000000e+000	0.000000e+000	9.524274e-001	4.757260e-002	
0.000000e+000	0.000000e+000	0.000000e+000	0.000000e+000	1.000000e+000	
1.000000e-030	1.000000e-030	1.000000e-030	1.000000e-030	1.000000e-030	1.000000e-030	1.000000e-030	1.000000e-030	1.000000e-030	1.000000e-030	1.000000e-030	1.000000e-030	1.000000e-030	1.000000e-030	1.000000e-030	4.964807e-001	1.000000e-030	1.000000e-030	1.000000e-030	1.000000e-030	1.000000e-030	1.049769e-001	1.000000e-030	1.000000e-030	1.000000e-030	1.000000e-030	1.000000e-030	1.000000e-030	1.000000e-030	1.000000e-030	1.000000e-030	3.985424e-001	
1.000000e-030	1.000000e-030	1.000000e-030	1.000000e-030	1.000000e-030	1.000000e-030	1.000000e-030	1.000000e-030	1.000000e-030	1.000000e-030	1.000000e-030	1.000000e-030	1.000000e-030	1.000000e-030	1.000000e-030	3.127894e-001	1.000000e-030	1.000000e-030	1.000000e-030	1.000000e-030	1.000000e-030	1.002728e-001	1.000000e-030	1.000000e-030	1.000000e-030	1.000000e-030	1.000000e-030	1.000000e-030	1.000000e-030	1.000000e-030	1.000000e-030	5.869378e-001	
1.000000e-030	1.000000e-030	1.000000e-030	1.000000e-030	1.000000e-030	1.000000e-030	1.000000e-030	1.000000e-030	1.000000e-030	1.000000e-030	1.000000e-030	1.000000e-030	1.000000e-030	1.000000e-030	1.000000e-030	2.267769e-001	1.000000e-030	1.000000e-030	1.000000e-030	1.000000e-030	1.000000e-030	4.151212e-002	1.000000e-030	1.000000e-030	1.000000e-030	1.000000e-030	1.000000e-030	1.000000e-030	1.000000e-030	1.000000e-030	1.000000e-030	7.317110e-001	
1.000000e-030	1.000000e-030	1.000000e-030	3.478412e-004	1.000000e-030	1.000000e-030	1.000000e-030	1.000000e-030	1.000000e-030	1.000000e-030	1.000000e-030	1.000000e-030	1.000000e-030	1.000000e-030	1.000000e-030	1.896875e-001	1.000000e-030	1.000000e-030	1.000000e-030	1.000000e-030	1.000000e-030	7.592442e-002	1.000000e-030	1.000000e-030	1.000000e-030	7.175119e-015	1.000000e-030	1.000000e-030	1.000000e-030	1.000000e-030	1.000000e-030	7.340402e-001	
1.086843e-002	1.086843e-002	1.000000e-030	2.165739e-002	2.173686e-002	1.000000e-030	1.086843e-002	1.000000e-030	1.000000e-030	3.260529e-002	1.000000e-030	1.000000e-030	8.694743e-002	3.260529e-002	1.086843e-002	4.800461e-002	1.000000e-030	1.086843e-002	2.173686e-002	1.000000e-030	2.173686e-002	6.525142e-002	1.000000e-030	1.000000e-030	1.000000e-030	1.086843e-002	1.000000e-030	1.000000e-030	1.304211e-001	1.000000e-030	1.000000e-030	4.520863e-001	
