8.457047e-001	1.542953e-001	0.000000e+000	0.000000e+000	0.000000e+000	
0.000000e+000	8.757529e-001	1.242471e-001	0.000000e+000	0.000000e+000	
0.000000e+000	0.000000e+000	7.466481e-001	2.533519e-001	0.000000e+000	
0.000000e+000	0.000000e+000	0.000000e+000	9.637127e-001	3.628728e-002	
0.000000e+000	0.000000e+000	0.000000e+000	0.000000e+000	1.000000e+000	
1.000000e-030	1.000000e-030	1.000000e-030	1.000000e-030	1.000000e-030	3.893884e-002	1.000000e-030	1.000000e-030	1.000000e-030	1.000000e-030	1.000000e-030	1.000000e-030	1.000000e-030	1.000000e-030	1.000000e-030	1.619343e-001	1.000000e-030	1.000000e-030	1.000000e-030	1.000000e-030	1.000000e-030	1.000000e-030	1.000000e-030	1.000000e-030	1.000000e-030	1.000000e-030	1.000000e-030	1.000000e-030	1.000000e-030	1.000000e-030	1.000000e-030	7.991269e-001	
1.000000e-030	1.000000e-030	1.000000e-030	1.000000e-030	1.000000e-030	9.288311e-002	1.000000e-030	1.000000e-030	1.000000e-030	1.000000e-030	1.000000e-030	1.000000e-030	1.000000e-030	1.000000e-030	1.000000e-030	1.683029e-001	1.000000e-030	1.000000e-030	1.000000e-030	1.000000e-030	1.000000e-030	3.199290e-014	1.000000e-030	1.000000e-030	1.000000e-030	1.000000e-030	1.000000e-030	1.000000e-030	1.000000e-030	1.000000e-030	1.000000e-030	7.388140e-001	
1.000000e-030	1.000000e-030	1.000000e-030	1.000000e-030	1.000000e-030	1.683700e-005	1.000000e-030	1.000000e-030	1.000000e-030	1.000000e-030	1.000000e-030	1.000000e-030	1.000000e-030	1.000000e-030	1.000000e-030	1.301232e-001	1.000000e-030	1.000000e-030	1.000000e-030	1.000000e-030	1.000000e-030	2.946160e-003	1.000000e-030	1.000000e-030	1.000000e-030	1.000000e-030	1.000000e-030	1.000000e-030	1.000000e-030	1.000000e-030	1.000000e-030	8.669138e-001	
1.000000e-030	1.000000e-030	1.000000e-030	5.761793e-002	1.000000e-030	8.436963e-016	1.000000e-030	1.000000e-030	1.000000e-030	1.000000e-030	1.000000e-030	1.000000e-030	1.000000e-030	1.000000e-030	7.365574e-005	7.551927e-002	1.000000e-030	1.000000e-030	1.000000e-030	1.000000e-030	1.000000e-030	3.577255e-001	1.000000e-030	1.000000e-030	1.000000e-030	1.000000e-030	1.000000e-030	1.000000e-030	1.000000e-030	1.000000e-030	1.000000e-030	5.090636e-001	
3.884796e-002	1.000000e-030	1.000000e-030	5.256297e-002	9.711991e-003	4.855995e-002	9.711991e-003	1.000000e-030	1.000000e-030	3.884796e-002	1.000000e-030	1.000000e-030	3.884796e-002	2.913597e-002	9.692278e-003	9.713110e-002	1.000000e-030	9.711991e-003	9.711991e-003	1.000000e-030	1.000000e-030	1.372326e-001	1.000000e-030	1.000000e-030	1.000000e-030	9.711991e-003	1.942398e-002	1.000000e-030	1.359679e-001	1.000000e-030	1.000000e-030	3.051894e-001	
