6.737709e-001	3.262291e-001	0.000000e+000	0.000000e+000	0.000000e+000	
0.000000e+000	9.414290e-001	5.857097e-002	0.000000e+000	0.000000e+000	
0.000000e+000	0.000000e+000	8.571437e-001	1.428563e-001	0.000000e+000	
0.000000e+000	0.000000e+000	0.000000e+000	9.740524e-001	2.594758e-002	
0.000000e+000	0.000000e+000	0.000000e+000	0.000000e+000	1.000000e+000	
1.000000e-030	1.000000e-030	1.000000e-030	1.000000e-030	1.000000e-030	1.000000e-030	1.000000e-030	1.000000e-030	1.000000e-030	1.000000e-030	1.000000e-030	1.000000e-030	1.000000e-030	1.000000e-030	1.000000e-030	1.394423e-001	1.000000e-030	1.000000e-030	1.000000e-030	1.000000e-030	1.000000e-030	5.550918e-001	1.000000e-030	1.000000e-030	1.000000e-030	1.000000e-030	1.000000e-030	1.000000e-030	1.000000e-030	1.000000e-030	1.000000e-030	3.054659e-001	
1.000000e-030	1.000000e-030	1.000000e-030	1.000000e-030	1.000000e-030	7.432910e-002	1.000000e-030	1.000000e-030	1.000000e-030	1.000000e-030	1.000000e-030	1.000000e-030	1.000000e-030	1.000000e-030	1.000000e-030	9.024721e-002	1.000000e-030	1.000000e-030	1.000000e-030	1.000000e-030	1.000000e-030	9.905046e-002	1.000000e-030	1.000000e-030	1.000000e-030	1.000000e-030	1.000000e-030	1.000000e-030	1.000000e-030	1.000000e-030	1.000000e-030	7.363732e-001	
1.000000e-030	1.000000e-030	1.000000e-030	1.000000e-030	1.000000e-030	2.159010e-001	1.000000e-030	1.000000e-030	1.000000e-030	1.000000e-030	1.000000e-030	1.000000e-030	1.000000e-030	1.000000e-030	1.000000e-030	5.392015e-005	1.000000e-030	1.000000e-030	1.000000e-030	1.000000e-030	1.000000e-030	3.349263e-001	1.000000e-030	1.000000e-030	1.000000e-030	1.000000e-030	1.000000e-030	1.000000e-030	1.000000e-030	1.000000e-030	1.000000e-030	4.491188e-001	
1.000000e-030	1.000000e-030	1.000000e-030	1.000000e-030	1.000000e-030	2.839872e-002	1.000000e-030	1.000000e-030	1.000000e-030	1.000000e-030	1.000000e-030	1.000000e-030	1.000000e-030	1.000000e-030	1.000000e-030	1.215468e-001	1.000000e-030	1.000000e-030	1.000000e-030	7.408985e-021	1.000000e-030	3.038204e-001	1.000000e-030	1.000000e-030	1.000000e-030	1.000000e-030	1.000000e-030	1.000000e-030	1.000000e-030	1.000000e-030	1.000000e-030	5.462341e-001	
2.400324e-002	1.200162e-002	1.000000e-030	1.200162e-002	2.400324e-002	2.550556e-002	1.000000e-030	1.000000e-030	1.000000e-030	6.000810e-002	1.000000e-030	1.000000e-030	9.601296e-002	3.600486e-002	1.200162e-002	8.817645e-002	1.000000e-030	3.600486e-002	1.200162e-002	4.800648e-002	1.000000e-030	1.266631e-001	1.000000e-030	1.200162e-002	1.000000e-030	1.000000e-030	1.000000e-030	1.000000e-030	1.200162e-001	1.000000e-030	1.000000e-030	2.555868e-001	
