7.500000e-001	2.500000e-001	0.000000e+000	0.000000e+000	0.000000e+000	
0.000000e+000	9.230769e-001	7.692308e-002	0.000000e+000	0.000000e+000	
0.000000e+000	0.000000e+000	5.000000e-001	5.000000e-001	0.000000e+000	
0.000000e+000	0.000000e+000	0.000000e+000	9.792417e-001	2.075831e-002	
0.000000e+000	0.000000e+000	0.000000e+000	0.000000e+000	1.000000e+000	
1.000000e-030	1.000000e-030	1.000000e-030	1.000000e-030	1.000000e-030	1.000000e-030	1.000000e-030	2.500000e-001	1.000000e-030	1.000000e-030	1.000000e-030	1.000000e-030	1.000000e-030	1.000000e-030	1.000000e-030	5.000000e-001	1.000000e-030	1.000000e-030	1.000000e-030	1.000000e-030	1.000000e-030	2.500000e-001	1.000000e-030	1.000000e-030	1.000000e-030	1.000000e-030	1.000000e-030	1.000000e-030	1.000000e-030	1.000000e-030	1.000000e-030	1.000000e-030	
1.000000e-030	7.692308e-002	1.000000e-030	1.000000e-030	1.000000e-030	1.000000e-030	1.000000e-030	1.000000e-030	1.000000e-030	1.000000e-030	1.000000e-030	1.000000e-030	1.000000e-030	1.000000e-030	1.000000e-030	1.000000e-030	1.000000e-030	9.230769e-001	1.000000e-030	1.000000e-030	1.000000e-030	1.000000e-030	1.000000e-030	1.000000e-030	1.000000e-030	1.000000e-030	1.000000e-030	1.000000e-030	1.000000e-030	1.000000e-030	1.000000e-030	1.000000e-030	
1.000000e-030	1.000000e-030	1.000000e-030	1.000000e-030	1.000000e-030	5.000000e-001	1.000000e-030	5.000000e-001	1.000000e-030	1.000000e-030	1.000000e-030	1.000000e-030	1.000000e-030	1.000000e-030	1.000000e-030	1.000000e-030	1.000000e-030	1.480701e-015	1.000000e-030	1.000000e-030	1.000000e-030	1.000000e-030	1.000000e-030	1.000000e-030	1.000000e-030	1.000000e-030	1.000000e-030	1.000000e-030	1.000000e-030	1.000000e-030	1.000000e-030	1.000000e-030	
1.000000e-030	3.097083e-002	1.000000e-030	1.000000e-030	1.000000e-030	2.430618e-001	1.000000e-030	1.000000e-030	1.000000e-030	1.000000e-030	1.000000e-030	1.000000e-030	1.000000e-030	1.000000e-030	1.000000e-030	1.000000e-030	1.000000e-030	5.391426e-001	1.000000e-030	1.000000e-030	1.000000e-030	1.453082e-001	1.000000e-030	1.000000e-030	1.000000e-030	4.151662e-002	1.000000e-030	1.000000e-030	1.000000e-030	1.000000e-030	1.000000e-030	1.000000e-030	
3.666293e-002	1.842957e-002	1.000000e-030	2.444195e-002	1.000000e-030	1.013225e-001	1.222098e-002	7.332586e-002	4.888391e-002	4.888391e-002	1.000000e-030	1.000000e-030	1.000000e-030	1.222098e-002	1.222098e-002	1.000000e-030	1.000000e-030	2.691991e-001	1.222098e-002	9.776781e-002	1.222098e-002	1.000000e-030	1.000000e-030	6.110488e-002	1.000000e-030	1.000000e-030	1.000000e-030	1.000000e-030	1.588727e-001	1.000000e-030	1.000000e-030	1.000000e-030	
