8.030129e-062	1.000000e+000	0.000000e+000	0.000000e+000	0.000000e+000	
0.000000e+000	9.312129e-001	6.878715e-002	0.000000e+000	0.000000e+000	
0.000000e+000	0.000000e+000	8.322696e-001	1.677304e-001	0.000000e+000	
0.000000e+000	0.000000e+000	0.000000e+000	9.708815e-001	2.911848e-002	
0.000000e+000	0.000000e+000	0.000000e+000	0.000000e+000	1.000000e+000	
1.000000e-030	1.000000e-030	1.000000e-030	1.000000e-030	1.000000e-030	1.000000e-030	1.000000e-030	1.000000e-030	1.000000e-030	1.000000e-030	1.000000e-030	1.000000e-030	1.000000e-030	1.000000e-030	1.000000e-030	1.000000e-030	1.000000e-030	1.000000e-030	1.000000e-030	1.000000e-030	1.000000e-030	1.000000e+000	1.000000e-030	1.000000e-030	1.000000e-030	1.000000e-030	1.000000e-030	1.000000e-030	1.000000e-030	1.000000e-030	1.000000e-030	1.000000e-030	
1.000000e-030	1.000000e-030	1.000000e-030	1.000000e-030	1.000000e-030	1.000000e-030	1.000000e-030	1.000000e-030	1.000000e-030	1.000000e-030	1.000000e-030	1.000000e-030	1.000000e-030	1.335389e-021	1.000000e-030	2.886828e-001	1.000000e-030	1.000000e-030	1.000000e-030	1.000000e-030	1.000000e-030	1.000000e-030	1.000000e-030	1.000000e-030	1.000000e-030	1.000000e-030	1.000000e-030	1.000000e-030	1.000000e-030	1.000000e-030	1.000000e-030	7.113172e-001	
1.000000e-030	1.000000e-030	1.000000e-030	1.000000e-030	1.000000e-030	1.000000e-030	1.000000e-030	1.000000e-030	1.000000e-030	1.000000e-030	1.000000e-030	1.000000e-030	1.000000e-030	2.152526e-002	1.000000e-030	3.456198e-001	1.000000e-030	1.000000e-030	1.000000e-030	1.000000e-030	1.000000e-030	2.227785e-003	1.000000e-030	1.000000e-030	1.000000e-030	1.000000e-030	1.000000e-030	1.000000e-030	1.000000e-030	1.000000e-030	1.000000e-030	6.306272e-001	
1.000000e-030	1.000000e-030	1.000000e-030	1.726608e-005	1.000000e-030	1.000000e-030	1.000000e-030	1.000000e-030	1.000000e-030	1.000000e-030	1.000000e-030	1.000000e-030	1.000000e-030	5.450007e-002	1.000000e-030	9.666352e-002	1.000000e-030	1.000000e-030	1.000000e-030	1.000000e-030	1.000000e-030	9.791644e-002	1.000000e-030	1.000000e-030	1.000000e-030	1.000000e-030	1.000000e-030	1.000000e-030	1.000000e-030	1.000000e-030	1.000000e-030	7.509027e-001	
2.146890e-002	1.000000e-030	1.000000e-030	1.072809e-002	1.073445e-002	1.000000e-030	1.000000e-030	1.000000e-030	1.000000e-030	1.073445e-002	1.000000e-030	1.000000e-030	1.073445e-002	4.293782e-002	2.146890e-002	1.226198e-001	1.000000e-030	3.220336e-002	1.000000e-030	1.000000e-030	1.073445e-002	3.890194e-002	1.000000e-030	1.000000e-030	1.000000e-030	3.220336e-002	1.000000e-030	1.000000e-030	1.824857e-001	1.000000e-030	1.000000e-030	4.520443e-001	
