8.914050e-001	1.085950e-001	0.000000e+000	0.000000e+000	0.000000e+000	
0.000000e+000	8.726675e-001	1.273325e-001	0.000000e+000	0.000000e+000	
0.000000e+000	0.000000e+000	9.535896e-001	4.641038e-002	0.000000e+000	
0.000000e+000	0.000000e+000	0.000000e+000	9.485455e-001	5.145454e-002	
0.000000e+000	0.000000e+000	0.000000e+000	0.000000e+000	1.000000e+000	
1.000000e-030	1.000000e-030	1.000000e-030	1.000000e-030	1.000000e-030	1.000000e-030	1.000000e-030	1.000000e-030	1.000000e-030	1.000000e-030	1.000000e-030	1.000000e-030	1.000000e-030	1.000000e-030	1.000000e-030	4.304004e-001	1.000000e-030	1.000000e-030	1.000000e-030	1.000000e-030	1.000000e-030	1.000000e-030	1.000000e-030	1.000000e-030	1.000000e-030	1.000000e-030	1.000000e-030	1.000000e-030	1.000000e-030	1.000000e-030	1.000000e-030	5.695996e-001	
1.000000e-030	1.000000e-030	1.000000e-030	1.000000e-030	1.000000e-030	1.000000e-030	1.000000e-030	1.000000e-030	1.000000e-030	1.000000e-030	1.000000e-030	1.000000e-030	1.000000e-030	1.000000e-030	1.000000e-030	2.942602e-014	1.000000e-030	1.000000e-030	1.000000e-030	1.000000e-030	1.000000e-030	1.000000e-030	1.000000e-030	1.000000e-030	1.000000e-030	1.000000e-030	1.000000e-030	1.000000e-030	1.000000e-030	1.000000e-030	1.000000e-030	1.000000e+000	
1.000000e-030	1.000000e-030	1.000000e-030	1.000000e-030	1.000000e-030	1.000000e-030	1.000000e-030	1.000000e-030	1.000000e-030	1.000000e-030	1.000000e-030	1.000000e-030	1.000000e-030	1.000000e-030	1.000000e-030	2.132654e-001	1.000000e-030	1.000000e-030	1.000000e-030	1.000000e-030	1.000000e-030	1.106871e-008	1.000000e-030	1.000000e-030	1.000000e-030	1.000000e-030	1.000000e-030	1.000000e-030	1.000000e-030	1.000000e-030	1.000000e-030	7.867346e-001	
1.000000e-030	1.000000e-030	1.000000e-030	1.000000e-030	1.000000e-030	1.000000e-030	1.000000e-030	1.000000e-030	1.000000e-030	8.606936e-017	1.000000e-030	1.000000e-030	1.000000e-030	1.000000e-030	1.000000e-030	2.633239e-001	1.000000e-030	1.000000e-030	1.000000e-030	1.000000e-030	1.000000e-030	5.125586e-002	1.000000e-030	1.000000e-030	1.000000e-030	1.000000e-030	1.000000e-030	1.000000e-030	1.000000e-030	1.000000e-030	1.000000e-030	6.854202e-001	
1.000000e-030	1.099427e-002	1.000000e-030	2.198854e-002	1.099427e-002	1.000000e-030	1.000000e-030	1.000000e-030	1.099427e-002	4.397707e-002	1.000000e-030	1.000000e-030	2.198854e-002	3.298280e-002	1.099427e-002	9.151449e-002	1.000000e-030	4.397707e-002	1.000000e-030	3.298280e-002	1.099427e-002	6.600806e-002	1.000000e-030	4.397707e-002	1.000000e-030	1.000000e-030	1.000000e-030	1.000000e-030	1.429255e-001	1.000000e-030	1.000000e-030	4.027067e-001	
