8.375595e-001	1.624405e-001	0.000000e+000	0.000000e+000	0.000000e+000	
0.000000e+000	9.090721e-001	9.092791e-002	0.000000e+000	0.000000e+000	
0.000000e+000	0.000000e+000	8.173830e-001	1.826170e-001	0.000000e+000	
0.000000e+000	0.000000e+000	0.000000e+000	9.664425e-001	3.355752e-002	
0.000000e+000	0.000000e+000	0.000000e+000	0.000000e+000	1.000000e+000	
1.000000e-030	1.000000e-030	1.000000e-030	1.000000e-030	1.000000e-030	6.740582e-002	1.000000e-030	1.000000e-030	1.000000e-030	1.000000e-030	1.000000e-030	1.000000e-030	1.000000e-030	1.000000e-030	1.000000e-030	1.000000e-030	1.000000e-030	1.000000e-030	1.000000e-030	1.000000e-030	1.000000e-030	3.473533e-001	1.000000e-030	1.000000e-030	1.000000e-030	1.000000e-030	1.000000e-030	1.000000e-030	1.000000e-030	1.000000e-030	1.000000e-030	5.852408e-001	
1.000000e-030	1.000000e-030	1.000000e-030	1.000000e-030	1.000000e-030	1.441223e-001	1.000000e-030	1.000000e-030	1.000000e-030	1.000000e-030	1.000000e-030	1.000000e-030	1.000000e-030	1.000000e-030	1.000000e-030	1.049268e-001	1.000000e-030	1.000000e-030	1.000000e-030	1.000000e-030	1.000000e-030	3.511179e-001	1.000000e-030	1.000000e-030	1.000000e-030	1.000000e-030	1.000000e-030	1.000000e-030	1.000000e-030	1.000000e-030	1.000000e-030	3.998331e-001	
1.000000e-030	1.000000e-030	1.000000e-030	1.000000e-030	1.000000e-030	1.244276e-001	1.000000e-030	1.000000e-030	1.000000e-030	1.000000e-030	1.000000e-030	1.000000e-030	1.000000e-030	1.000000e-030	1.000000e-030	8.755724e-001	1.000000e-030	1.000000e-030	1.000000e-030	1.000000e-030	1.000000e-030	1.000000e-030	1.000000e-030	1.000000e-030	1.000000e-030	1.000000e-030	1.000000e-030	1.000000e-030	1.000000e-030	1.000000e-030	1.000000e-030	1.000000e-030	
1.000000e-030	1.000000e-030	1.000000e-030	3.012422e-002	1.000000e-030	4.240685e-002	1.000000e-030	1.000000e-030	1.000000e-030	1.000000e-030	1.000000e-030	1.000000e-030	1.000000e-030	1.000000e-030	1.000000e-030	1.023954e-001	1.000000e-030	1.000000e-030	1.000000e-030	9.903170e-027	1.000000e-030	2.790631e-001	1.000000e-030	1.000000e-030	1.000000e-030	3.355747e-002	1.000000e-030	1.000000e-030	1.000000e-030	1.000000e-030	1.000000e-030	5.124530e-001	
2.071023e-002	1.035511e-002	1.000000e-030	1.141455e-002	2.071023e-002	6.269981e-002	1.035511e-002	1.000000e-030	1.035511e-002	5.177557e-002	1.000000e-030	1.000000e-030	1.242614e-001	2.071023e-002	1.035511e-002	1.035636e-002	1.000000e-030	1.035511e-002	1.035511e-002	1.035511e-002	1.035511e-002	2.452525e-001	1.000000e-030	1.035511e-002	1.000000e-030	1.035513e-002	1.000000e-030	1.000000e-030	3.106534e-002	1.000000e-030	1.000000e-030	2.974927e-001	
