7.016709e-001	2.983291e-001	0.000000e+000	0.000000e+000	0.000000e+000	
0.000000e+000	9.241671e-001	7.583288e-002	0.000000e+000	0.000000e+000	
0.000000e+000	0.000000e+000	9.443628e-001	5.563720e-002	0.000000e+000	
0.000000e+000	0.000000e+000	0.000000e+000	9.641702e-001	3.582977e-002	
0.000000e+000	0.000000e+000	0.000000e+000	0.000000e+000	1.000000e+000	
1.000000e-030	1.000000e-030	1.000000e-030	1.000000e-030	1.000000e-030	1.000000e-030	1.000000e-030	1.000000e-030	1.000000e-030	1.000000e-030	1.000000e-030	1.000000e-030	1.000000e-030	1.000000e-030	1.000000e-030	2.160069e-001	1.000000e-030	1.000000e-030	1.000000e-030	1.000000e-030	1.000000e-030	6.343529e-004	1.000000e-030	1.000000e-030	1.000000e-030	1.000000e-030	1.000000e-030	1.000000e-030	1.000000e-030	1.000000e-030	1.000000e-030	7.833587e-001	
1.000000e-030	1.000000e-030	1.000000e-030	1.000000e-030	1.000000e-030	1.000000e-030	1.000000e-030	1.000000e-030	1.000000e-030	1.000000e-030	1.000000e-030	1.000000e-030	1.000000e-030	1.000000e-030	1.000000e-030	1.022101e-001	1.000000e-030	1.000000e-030	1.000000e-030	1.000000e-030	1.000000e-030	3.622613e-001	1.000000e-030	1.000000e-030	1.000000e-030	1.000000e-030	1.000000e-030	1.000000e-030	1.000000e-030	1.000000e-030	1.000000e-030	5.355286e-001	
1.000000e-030	1.000000e-030	1.000000e-030	1.000000e-030	1.000000e-030	1.610078e-012	1.000000e-030	1.000000e-030	1.000000e-030	1.000000e-030	1.000000e-030	1.000000e-030	1.000000e-030	1.000000e-030	1.000000e-030	5.163742e-002	1.000000e-030	1.000000e-030	1.000000e-030	1.000000e-030	1.000000e-030	4.692616e-001	1.000000e-030	1.000000e-030	1.000000e-030	1.000000e-030	1.000000e-030	1.000000e-030	1.000000e-030	1.000000e-030	1.000000e-030	4.791009e-001	
1.000000e-030	1.000000e-030	1.000000e-030	4.832251e-002	1.000000e-030	1.772814e-001	1.000000e-030	1.000000e-030	1.000000e-030	1.000000e-030	1.000000e-030	1.000000e-030	1.000000e-030	1.000000e-030	1.000000e-030	9.579238e-009	1.000000e-030	1.543349e-019	1.000000e-030	1.000000e-030	1.000000e-030	3.133330e-001	1.000000e-030	1.000000e-030	1.000000e-030	1.000000e-030	1.000000e-030	1.000000e-030	1.000000e-030	1.000000e-030	1.000000e-030	4.610631e-001	
2.310062e-002	1.000000e-030	1.000000e-030	3.062369e-002	1.155031e-002	3.525294e-002	1.000000e-030	1.000000e-030	1.155031e-002	1.000000e-030	1.000000e-030	1.000000e-030	2.310062e-002	2.310062e-002	1.000000e-030	2.310062e-002	1.000000e-030	5.775155e-002	3.465093e-002	1.000000e-030	1.155031e-002	2.083839e-001	1.000000e-030	1.000000e-030	1.000000e-030	1.000000e-030	1.155031e-002	1.000000e-030	1.732546e-001	1.000000e-030	1.000000e-030	3.214787e-001	
