4.506553e-001	5.493447e-001	0.000000e+000	0.000000e+000	0.000000e+000	
0.000000e+000	9.254785e-001	7.452148e-002	0.000000e+000	0.000000e+000	
0.000000e+000	0.000000e+000	8.889287e-001	1.110713e-001	0.000000e+000	
0.000000e+000	0.000000e+000	0.000000e+000	9.760593e-001	2.394069e-002	
0.000000e+000	0.000000e+000	0.000000e+000	0.000000e+000	1.000000e+000	
1.000000e-030	1.000000e-030	1.000000e-030	1.000000e-030	1.000000e-030	1.000000e-030	1.000000e-030	1.000000e-030	1.000000e-030	1.000000e-030	1.000000e-030	1.000000e-030	1.000000e-030	1.000000e-030	1.000000e-030	1.000000e-030	1.000000e-030	1.000000e-030	1.000000e-030	1.000000e-030	1.000000e-030	2.649336e-003	1.000000e-030	3.460893e-010	1.000000e-030	1.000000e-030	1.000000e-030	1.000000e-030	1.000000e-030	1.000000e-030	1.000000e-030	9.973507e-001	
1.000000e-030	1.000000e-030	1.000000e-030	1.000000e-030	1.000000e-030	4.470522e-001	1.000000e-030	1.000000e-030	1.000000e-030	1.000000e-030	1.000000e-030	1.000000e-030	1.000000e-030	1.000000e-030	1.000000e-030	1.000000e-030	1.000000e-030	1.000000e-030	1.000000e-030	1.000000e-030	1.000000e-030	3.628728e-001	1.000000e-030	7.937869e-002	1.000000e-030	1.000000e-030	1.000000e-030	1.000000e-030	1.000000e-030	1.000000e-030	1.000000e-030	1.106963e-001	
1.000000e-030	1.000000e-030	1.000000e-030	1.000000e-030	1.000000e-030	3.394127e-011	1.000000e-030	1.000000e-030	1.000000e-030	6.730830e-006	1.000000e-030	1.000000e-030	1.000000e-030	1.000000e-030	1.000000e-030	1.000000e-030	1.000000e-030	1.000000e-030	1.000000e-030	1.000000e-030	1.000000e-030	6.304635e-001	1.000000e-030	1.005355e-001	1.000000e-030	1.000000e-030	1.000000e-030	1.000000e-030	1.000000e-030	1.000000e-030	1.000000e-030	2.689943e-001	
1.000000e-030	1.000000e-030	1.000000e-030	2.394069e-002	1.000000e-030	1.197281e-001	1.000000e-030	1.000000e-030	1.000000e-030	1.197020e-001	1.000000e-030	1.000000e-030	1.000000e-030	1.000000e-030	1.000000e-030	2.394069e-002	1.000000e-030	1.000000e-030	2.973476e-004	1.000000e-030	1.000000e-030	2.980520e-001	1.000000e-030	7.253256e-002	1.000000e-030	1.000000e-030	1.000000e-030	1.000000e-030	1.000000e-030	1.000000e-030	1.000000e-030	3.418067e-001	
1.205000e-002	4.819998e-002	1.000000e-030	3.614999e-002	2.409999e-002	1.084500e-001	1.000000e-030	1.000000e-030	1.205000e-002	5.700507e-016	1.000000e-030	1.000000e-030	1.807499e-001	3.614999e-002	1.000000e-030	2.409999e-002	1.000000e-030	3.614999e-002	1.190033e-002	1.000000e-030	2.409999e-002	2.530499e-001	1.000000e-030	2.409999e-002	1.000000e-030	1.000000e-030	1.000000e-030	1.000000e-030	1.205000e-002	1.000000e-030	1.000000e-030	1.566499e-001	
