8.626763e-009	1.000000e+000	0.000000e+000	0.000000e+000	0.000000e+000	
0.000000e+000	9.426609e-001	5.733909e-002	0.000000e+000	0.000000e+000	
0.000000e+000	0.000000e+000	9.350960e-001	6.490395e-002	0.000000e+000	
0.000000e+000	0.000000e+000	0.000000e+000	9.632743e-001	3.672565e-002	
0.000000e+000	0.000000e+000	0.000000e+000	0.000000e+000	1.000000e+000	
1.000000e-030	1.000000e-030	1.000000e-030	1.000000e-030	1.000000e-030	1.000000e-030	1.000000e-030	1.000000e-030	1.000000e-030	1.000000e-030	1.000000e-030	1.000000e-030	1.000000e-030	1.000000e-030	1.000000e-030	1.000000e+000	1.000000e-030	1.000000e-030	1.000000e-030	1.000000e-030	1.000000e-030	1.000000e-030	1.000000e-030	1.000000e-030	1.000000e-030	1.000000e-030	1.000000e-030	1.000000e-030	1.000000e-030	1.000000e-030	1.000000e-030	8.626763e-009	
1.000000e-030	1.000000e-030	1.000000e-030	1.000000e-030	1.000000e-030	1.000000e-030	1.000000e-030	1.000000e-030	1.000000e-030	1.000000e-030	1.000000e-030	1.000000e-030	1.000000e-030	1.000000e-030	1.000000e-030	1.143076e-001	1.000000e-030	1.000000e-030	1.000000e-030	1.000000e-030	1.000000e-030	1.000000e-030	1.000000e-030	1.000000e-030	1.000000e-030	1.000000e-030	1.000000e-030	1.000000e-030	1.000000e-030	1.000000e-030	1.000000e-030	8.856924e-001	
1.000000e-030	1.000000e-030	1.000000e-030	1.000000e-030	1.000000e-030	1.979579e-023	1.000000e-030	1.000000e-030	1.000000e-030	1.000000e-030	1.000000e-030	1.000000e-030	1.000000e-030	1.000000e-030	1.000000e-030	1.000000e-030	1.000000e-030	1.000000e-030	1.000000e-030	1.000000e-030	1.000000e-030	9.414535e-002	1.000000e-030	1.000000e-030	1.000000e-030	1.000000e-030	1.000000e-030	1.000000e-030	1.000000e-030	1.000000e-030	1.000000e-030	9.058546e-001	
1.000000e-030	1.000000e-030	1.000000e-030	8.231243e-007	1.000000e-030	3.672565e-002	1.000000e-030	1.000000e-030	1.000000e-030	1.000000e-030	1.000000e-030	1.000000e-030	1.000000e-030	1.000000e-030	1.000000e-030	9.905080e-002	1.000000e-030	1.000000e-030	1.000000e-030	1.000000e-030	1.000000e-030	7.468178e-002	1.000000e-030	1.000000e-030	1.000000e-030	1.000000e-030	1.000000e-030	1.000000e-030	1.000000e-030	1.000000e-030	1.000000e-030	7.895409e-001	
3.412054e-002	1.137351e-002	1.000000e-030	1.137326e-002	2.274702e-002	1.000000e-030	2.274702e-002	1.000000e-030	1.000000e-030	4.549405e-002	1.000000e-030	1.000000e-030	6.824107e-002	5.686756e-002	1.000000e-030	6.038671e-002	1.000000e-030	1.137351e-002	1.137351e-002	1.000000e-030	1.137351e-002	8.548289e-002	1.000000e-030	1.000000e-030	1.000000e-030	1.000000e-030	1.000000e-030	1.000000e-030	1.137351e-001	1.000000e-030	1.000000e-030	4.333107e-001	
