8.660043e-001	1.339957e-001	0.000000e+000	0.000000e+000	0.000000e+000	
0.000000e+000	8.223372e-001	1.776628e-001	0.000000e+000	0.000000e+000	
0.000000e+000	0.000000e+000	9.326495e-001	6.735051e-002	0.000000e+000	
0.000000e+000	0.000000e+000	0.000000e+000	9.558099e-001	4.419009e-002	
0.000000e+000	0.000000e+000	0.000000e+000	0.000000e+000	1.000000e+000	
1.000000e-030	1.000000e-030	1.000000e-030	1.000000e-030	1.000000e-030	1.000000e-030	1.000000e-030	1.000000e-030	1.000000e-030	1.000000e-030	1.000000e-030	1.000000e-030	1.000000e-030	1.000000e-030	1.000000e-030	8.771303e-016	1.000000e-030	1.000000e-030	1.000000e-030	1.000000e-030	1.000000e-030	9.671708e-002	1.000000e-030	1.000000e-030	1.000000e-030	1.000000e-030	1.000000e-030	1.000000e-030	1.000000e-030	1.000000e-030	1.000000e-030	9.032829e-001	
1.000000e-030	1.000000e-030	1.000000e-030	1.000000e-030	1.000000e-030	1.000000e-030	1.000000e-030	1.000000e-030	1.000000e-030	1.000000e-030	1.000000e-030	1.000000e-030	1.000000e-030	1.000000e-030	1.000000e-030	3.498465e-002	1.000000e-030	1.000000e-030	1.000000e-030	1.000000e-030	1.000000e-030	2.270882e-001	1.000000e-030	1.000000e-030	1.000000e-030	1.000000e-030	1.000000e-030	1.000000e-030	1.000000e-030	1.000000e-030	1.000000e-030	7.379271e-001	
1.000000e-030	1.000000e-030	1.000000e-030	1.000000e-030	1.000000e-030	1.000000e-030	1.000000e-030	1.000000e-030	1.000000e-030	1.000000e-030	1.000000e-030	1.000000e-030	1.000000e-030	1.000000e-030	1.000000e-030	3.176425e-001	1.000000e-030	1.000000e-030	1.000000e-030	1.000000e-030	1.000000e-030	5.620630e-007	1.000000e-030	1.000000e-030	1.000000e-030	3.215054e-006	1.000000e-030	1.000000e-030	1.000000e-030	1.000000e-030	1.000000e-030	6.823538e-001	
1.000000e-030	1.000000e-030	1.000000e-030	1.323249e-001	1.000000e-030	1.000000e-030	1.000000e-030	1.000000e-030	1.000000e-030	1.000000e-030	1.000000e-030	1.000000e-030	1.000000e-030	1.000000e-030	1.000000e-030	4.802668e-002	1.000000e-030	1.000000e-030	1.000000e-030	1.000000e-030	1.000000e-030	3.188408e-001	1.000000e-030	2.933885e-010	1.000000e-030	4.418798e-002	1.000000e-030	1.000000e-030	1.000000e-030	1.000000e-030	1.000000e-030	4.566196e-001	
3.047813e-002	1.000000e-030	1.000000e-030	3.053453e-002	2.031875e-002	1.000000e-030	1.015938e-002	1.000000e-030	1.000000e-030	2.031875e-002	1.000000e-030	1.000000e-030	4.063751e-002	4.063751e-002	2.031875e-002	4.063756e-002	1.000000e-030	2.031875e-002	1.000000e-030	1.000000e-030	1.000000e-030	6.892926e-002	1.000000e-030	1.015938e-002	1.000000e-030	2.031876e-002	1.000000e-030	1.000000e-030	1.320719e-001	1.000000e-030	1.000000e-030	4.941611e-001	
