8.788524e-001	1.211476e-001	0.000000e+000	0.000000e+000	0.000000e+000	
0.000000e+000	9.236094e-001	7.639065e-002	0.000000e+000	0.000000e+000	
0.000000e+000	0.000000e+000	7.424366e-001	2.575634e-001	0.000000e+000	
0.000000e+000	0.000000e+000	0.000000e+000	9.743203e-001	2.567968e-002	
0.000000e+000	0.000000e+000	0.000000e+000	0.000000e+000	1.000000e+000	
1.000000e-030	1.000000e-030	1.000000e-030	1.000000e-030	1.000000e-030	1.000000e-030	1.000000e-030	1.000000e-030	1.000000e-030	1.000000e-030	1.000000e-030	1.000000e-030	1.000000e-030	1.000000e-030	1.000000e-030	7.603001e-026	1.000000e-030	1.000000e-030	1.000000e-030	1.000000e-030	1.000000e-030	1.000000e-030	1.000000e-030	1.000000e-030	1.000000e-030	1.000000e-030	1.000000e-030	1.000000e-030	1.000000e-030	1.000000e-030	1.000000e-030	1.000000e+000	
1.000000e-030	1.000000e-030	1.000000e-030	1.000000e-030	1.000000e-030	1.000000e-030	1.000000e-030	1.000000e-030	1.000000e-030	1.000000e-030	1.000000e-030	1.000000e-030	1.000000e-030	1.000000e-030	1.000000e-030	2.973679e-001	1.000000e-030	1.000000e-030	1.000000e-030	1.000000e-030	1.000000e-030	8.024994e-002	1.000000e-030	1.000000e-030	1.000000e-030	1.000000e-030	1.000000e-030	1.000000e-030	1.000000e-030	1.000000e-030	1.000000e-030	6.223822e-001	
1.000000e-030	1.000000e-030	1.000000e-030	1.000000e-030	1.000000e-030	1.000000e-030	1.000000e-030	1.000000e-030	1.000000e-030	1.000000e-030	1.000000e-030	1.000000e-030	1.000000e-030	1.000000e-030	1.000000e-030	8.072656e-001	1.000000e-030	1.000000e-030	1.000000e-030	1.000000e-030	1.000000e-030	1.927344e-001	1.000000e-030	1.000000e-030	1.000000e-030	1.000000e-030	1.000000e-030	1.000000e-030	1.000000e-030	1.000000e-030	1.000000e-030	7.696824e-013	
1.000000e-030	1.000000e-030	1.000000e-030	1.000000e-030	1.000000e-030	1.000000e-030	1.000000e-030	1.000000e-030	1.000000e-030	1.000000e-030	1.000000e-030	1.000000e-030	1.000000e-030	2.567967e-002	1.000000e-030	1.530816e-001	1.000000e-030	1.000000e-030	1.000000e-030	1.000000e-030	1.000000e-030	3.084593e-002	1.000000e-030	1.000000e-030	1.000000e-030	6.747328e-002	1.000000e-030	1.000000e-030	1.000000e-030	1.000000e-030	1.000000e-030	7.229195e-001	
2.357624e-002	1.178812e-002	1.000000e-030	2.357624e-002	1.178812e-002	1.000000e-030	1.000000e-030	1.000000e-030	1.178812e-002	5.894060e-002	1.000000e-030	1.000000e-030	4.715248e-002	1.178813e-002	1.000000e-030	3.550390e-002	1.000000e-030	3.536436e-002	1.000000e-030	1.000000e-030	1.000000e-030	1.296693e-001	1.000000e-030	1.000000e-030	1.000000e-030	1.617923e-002	1.000000e-030	1.000000e-030	1.532456e-001	1.000000e-030	1.000000e-030	4.296395e-001	
