0.000000e+000	1.000000e+000	0.000000e+000	0.000000e+000	0.000000e+000	
0.000000e+000	8.189906e-001	1.810094e-001	0.000000e+000	0.000000e+000	
0.000000e+000	0.000000e+000	9.223175e-001	7.768253e-002	0.000000e+000	
0.000000e+000	0.000000e+000	0.000000e+000	9.789408e-001	2.105918e-002	
0.000000e+000	0.000000e+000	0.000000e+000	0.000000e+000	1.000000e+000	
1.000000e-030	1.000000e-030	1.000000e-030	1.000000e-030	1.000000e-030	1.000000e-030	1.000000e-030	1.000000e-030	1.000000e-030	1.000000e-030	1.000000e-030	1.000000e-030	1.000000e-030	1.000000e-030	1.000000e-030	1.000000e-030	1.000000e-030	1.000000e-030	1.000000e-030	1.000000e-030	1.000000e-030	1.000000e+000	1.000000e-030	1.000000e-030	1.000000e-030	1.000000e-030	1.000000e-030	1.000000e-030	1.000000e-030	1.000000e-030	1.000000e-030	1.000000e-030	
1.000000e-030	1.000000e-030	1.000000e-030	1.810094e-001	1.000000e-030	1.000000e-030	1.000000e-030	1.000000e-030	1.000000e-030	1.000000e-030	1.000000e-030	1.000000e-030	1.000000e-030	1.000000e-030	1.000000e-030	1.810094e-001	1.000000e-030	1.000000e-030	1.000000e-030	1.000000e-030	1.000000e-030	1.000000e-030	1.000000e-030	1.000000e-030	1.000000e-030	1.000000e-030	1.000000e-030	1.000000e-030	1.000000e-030	1.000000e-030	1.000000e-030	6.379811e-001	
1.000000e-030	1.000000e-030	1.000000e-030	1.000000e-030	1.000000e-030	7.438484e-002	1.000000e-030	1.000000e-030	1.000000e-030	1.000000e-030	1.000000e-030	1.000000e-030	1.000000e-030	1.000000e-030	1.000000e-030	1.768936e-015	1.000000e-030	1.000000e-030	1.000000e-030	1.000000e-030	1.000000e-030	1.219259e-001	1.000000e-030	1.000000e-030	1.000000e-030	1.000000e-030	1.000000e-030	1.000000e-030	1.000000e-030	1.000000e-030	1.000000e-030	8.036893e-001	
1.000000e-030	1.000000e-030	1.000000e-030	1.000000e-030	1.000000e-030	8.513072e-002	1.000000e-030	1.000000e-030	1.000000e-030	1.000000e-030	1.000000e-030	1.000000e-030	1.000000e-030	1.000000e-030	1.000000e-030	2.090283e-001	1.000000e-030	1.000000e-030	1.000000e-030	1.000000e-030	1.000000e-030	7.224268e-002	1.000000e-030	1.000000e-030	1.000000e-030	1.000000e-030	1.000000e-030	1.000000e-030	1.000000e-030	1.000000e-030	1.000000e-030	6.335983e-001	
3.653311e-002	1.217770e-002	1.000000e-030	2.435540e-002	2.435540e-002	1.000000e-030	1.217770e-002	1.000000e-030	1.000000e-030	1.000000e-030	1.000000e-030	1.000000e-030	1.217770e-001	3.653311e-002	1.000000e-030	9.832574e-002	1.000000e-030	4.871081e-002	2.435540e-002	1.000000e-030	1.000000e-030	6.088851e-002	1.000000e-030	1.000000e-030	1.000000e-030	1.217770e-002	1.217770e-002	1.000000e-030	1.339547e-001	1.000000e-030	1.000000e-030	3.415000e-001	
