8.319955e-001	1.680045e-001	0.000000e+000	0.000000e+000	0.000000e+000	
0.000000e+000	9.007179e-001	9.928207e-002	0.000000e+000	0.000000e+000	
0.000000e+000	0.000000e+000	8.837542e-001	1.162458e-001	0.000000e+000	
0.000000e+000	0.000000e+000	0.000000e+000	9.651700e-001	3.483000e-002	
0.000000e+000	0.000000e+000	0.000000e+000	0.000000e+000	1.000000e+000	
1.000000e-030	1.000000e-030	1.000000e-030	1.000000e-030	1.000000e-030	3.555226e-001	1.000000e-030	1.000000e-030	1.000000e-030	1.000000e-030	1.000000e-030	1.000000e-030	1.000000e-030	1.000000e-030	1.000000e-030	1.000000e-030	1.000000e-030	1.000000e-030	1.000000e-030	1.000000e-030	1.000000e-030	4.783154e-001	1.000000e-030	1.000000e-030	1.000000e-030	1.000000e-030	1.000000e-030	1.000000e-030	1.000000e-030	1.000000e-030	1.000000e-030	1.661619e-001	
1.000000e-030	1.000000e-030	1.000000e-030	1.000000e-030	1.000000e-030	1.864932e-001	1.000000e-030	1.000000e-030	1.000000e-030	1.000000e-030	1.000000e-030	1.000000e-030	1.000000e-030	1.000000e-030	1.000000e-030	1.000000e-030	1.000000e-030	1.000000e-030	1.000000e-030	1.000000e-030	1.000000e-030	8.067386e-001	1.000000e-030	1.000000e-030	1.000000e-030	1.000000e-030	1.000000e-030	1.000000e-030	1.000000e-030	1.000000e-030	1.000000e-030	6.768209e-003	
1.000000e-030	1.000000e-030	1.000000e-030	1.000000e-030	1.000000e-030	8.537273e-015	1.000000e-030	1.000000e-030	1.000000e-030	1.000000e-030	1.000000e-030	1.000000e-030	1.000000e-030	1.000000e-030	1.000000e-030	1.000000e-030	1.000000e-030	7.884835e-013	1.000000e-030	1.000000e-030	1.000000e-030	7.544414e-001	1.000000e-030	1.000000e-030	1.000000e-030	9.638372e-002	1.000000e-030	1.000000e-030	1.000000e-030	1.000000e-030	1.000000e-030	1.491749e-001	
1.000000e-030	9.419949e-013	1.000000e-030	1.000000e-030	1.000000e-030	1.046737e-001	1.000000e-030	1.000000e-030	1.000000e-030	1.000000e-030	1.000000e-030	1.000000e-030	1.000000e-030	1.000000e-030	1.000000e-030	1.000000e-030	1.000000e-030	8.886293e-002	1.000000e-030	1.000000e-030	1.000000e-030	6.037856e-001	1.000000e-030	3.482638e-002	1.000000e-030	5.951163e-003	1.000000e-030	1.000000e-030	1.000000e-030	1.000000e-030	1.000000e-030	1.619003e-001	
2.090691e-002	3.136037e-002	1.000000e-030	1.045346e-002	2.090691e-002	2.717916e-001	1.000000e-030	1.045346e-002	1.000000e-030	7.317420e-002	1.000000e-030	1.000000e-030	2.090691e-001	3.136037e-002	1.000000e-030	1.000000e-030	1.000000e-030	4.650395e-002	1.000000e-030	1.000000e-030	1.000000e-030	2.007270e-001	1.000000e-030	4.181492e-002	1.000000e-030	1.000000e-030	1.000000e-030	1.000000e-030	1.000000e-030	1.000000e-030	1.000000e-030	3.147773e-002	
