8.949309e-001	1.050691e-001	0.000000e+000	0.000000e+000	0.000000e+000	
0.000000e+000	8.919269e-001	1.080731e-001	0.000000e+000	0.000000e+000	
0.000000e+000	0.000000e+000	9.098566e-001	9.014342e-002	0.000000e+000	
0.000000e+000	0.000000e+000	0.000000e+000	9.671307e-001	3.286932e-002	
0.000000e+000	0.000000e+000	0.000000e+000	0.000000e+000	1.000000e+000	
1.000000e-030	1.000000e-030	1.000000e-030	1.000000e-030	1.000000e-030	1.000000e-030	1.000000e-030	1.000000e-030	1.000000e-030	1.000000e-030	1.000000e-030	1.000000e-030	1.000000e-030	1.000000e-030	1.000000e-030	7.650455e-001	1.000000e-030	1.000000e-030	1.000000e-030	1.000000e-030	1.000000e-030	3.585023e-017	1.000000e-030	1.000000e-030	1.000000e-030	1.000000e-030	1.000000e-030	1.000000e-030	1.000000e-030	1.000000e-030	1.000000e-030	2.349545e-001	
1.000000e-030	1.000000e-030	1.000000e-030	1.000000e-030	1.000000e-030	1.000000e-030	1.000000e-030	1.000000e-030	1.000000e-030	1.000000e-030	1.000000e-030	1.000000e-030	1.000000e-030	1.000000e-030	1.000000e-030	7.599728e-001	1.000000e-030	1.000000e-030	1.000000e-030	1.000000e-030	1.000000e-030	3.666967e-011	1.000000e-030	1.000000e-030	1.000000e-030	1.000000e-030	1.000000e-030	1.000000e-030	1.000000e-030	1.000000e-030	1.000000e-030	2.400272e-001	
1.000000e-030	1.000000e-030	1.000000e-030	1.000000e-030	1.000000e-030	1.000000e-030	1.000000e-030	1.000000e-030	1.000000e-030	1.000000e-030	1.000000e-030	1.000000e-030	1.000000e-030	1.000000e-030	1.000000e-030	5.484912e-001	1.000000e-030	1.000000e-030	1.000000e-030	1.000000e-030	1.000000e-030	1.970724e-005	1.000000e-030	1.000000e-030	1.000000e-030	1.000000e-030	1.000000e-030	1.000000e-030	1.000000e-030	1.000000e-030	1.000000e-030	4.514891e-001	
1.000000e-030	1.000000e-030	1.000000e-030	1.000000e-030	1.000000e-030	1.000000e-030	1.000000e-030	1.000000e-030	1.000000e-030	3.670400e-016	1.000000e-030	1.000000e-030	1.000000e-030	1.000000e-030	1.000000e-030	4.083550e-001	1.000000e-030	1.000000e-030	1.000000e-030	1.000000e-030	1.000000e-030	3.284229e-002	1.000000e-030	1.000000e-030	1.000000e-030	4.596251e-006	1.000000e-030	1.000000e-030	1.000000e-030	1.000000e-030	1.000000e-030	5.587981e-001	
1.127237e-002	3.381710e-002	1.000000e-030	1.127237e-002	1.127237e-002	1.000000e-030	1.000000e-030	1.000000e-030	1.000000e-030	4.508947e-002	1.000000e-030	1.000000e-030	7.890657e-002	4.508947e-002	2.254473e-002	2.612751e-001	1.000000e-030	2.254473e-002	1.000000e-030	1.000000e-030	1.000000e-030	1.127917e-002	1.000000e-030	1.000000e-030	1.000000e-030	1.127079e-002	1.000000e-030	1.000000e-030	1.127237e-001	1.000000e-030	1.000000e-030	3.216421e-001	
