7.500000e-001	2.500000e-001	0.000000e+000	0.000000e+000	0.000000e+000	
0.000000e+000	8.856247e-001	1.143753e-001	0.000000e+000	0.000000e+000	
0.000000e+000	0.000000e+000	8.181818e-001	1.818182e-001	0.000000e+000	
0.000000e+000	0.000000e+000	0.000000e+000	9.473512e-001	5.264883e-002	
0.000000e+000	0.000000e+000	0.000000e+000	0.000000e+000	1.000000e+000	
1.000000e-030	1.000000e-030	1.000000e-030	1.000000e-030	1.000000e-030	1.000000e-030	1.000000e-030	1.000000e-030	1.000000e-030	1.000000e-030	1.000000e-030	1.000000e-030	1.000000e-030	1.000000e-030	1.000000e-030	7.500000e-001	1.000000e-030	1.000000e-030	1.000000e-030	2.500000e-001	1.000000e-030	1.000000e-030	1.000000e-030	1.000000e-030	1.000000e-030	1.000000e-030	1.000000e-030	1.000000e-030	1.000000e-030	1.000000e-030	1.000000e-030	1.000000e-030	
1.000000e-030	1.000000e-030	1.000000e-030	1.000000e-030	1.000000e-030	1.000000e-030	1.000000e-030	1.000000e-030	1.000000e-030	1.000000e-030	1.000000e-030	1.000000e-030	1.000000e-030	1.000000e-030	1.000000e-030	1.143753e-001	1.000000e-030	1.000000e-030	1.000000e-030	2.550300e-016	1.000000e-030	2.518807e-017	1.000000e-030	1.143753e-001	1.000000e-030	1.000000e-030	1.000000e-030	1.000000e-030	1.000000e-030	1.000000e-030	1.000000e-030	7.712494e-001	
1.000000e-030	1.000000e-030	1.000000e-030	1.000000e-030	1.000000e-030	1.000000e-030	1.000000e-030	1.000000e-030	1.000000e-030	1.000000e-030	1.000000e-030	1.000000e-030	1.000000e-030	1.000000e-030	1.000000e-030	5.077104e-001	1.000000e-030	1.000000e-030	1.000000e-030	1.000000e-030	1.000000e-030	2.056680e-001	1.000000e-030	5.905272e-018	1.000000e-030	1.000000e-030	1.000000e-030	1.000000e-030	1.000000e-030	1.000000e-030	1.000000e-030	2.866216e-001	
1.000000e-030	1.000000e-030	1.000000e-030	1.000000e-030	1.000000e-030	2.008846e-001	1.000000e-030	1.000000e-030	1.000000e-030	1.000000e-030	1.000000e-030	1.000000e-030	1.000000e-030	1.000000e-030	1.000000e-030	7.935970e-002	1.000000e-030	1.000000e-030	1.000000e-030	1.000000e-030	1.000000e-030	3.989946e-001	1.000000e-030	1.000000e-030	1.000000e-030	1.000000e-030	1.000000e-030	1.000000e-030	1.000000e-030	1.000000e-030	1.000000e-030	3.207611e-001	
1.789500e-002	1.000000e-030	1.000000e-030	3.579000e-002	1.000000e-030	1.090203e-001	8.947499e-003	1.789500e-002	1.789500e-002	2.684250e-002	1.000000e-030	8.947499e-003	8.947499e-003	1.789500e-002	1.789500e-002	6.889800e-002	1.000000e-030	1.789500e-002	8.947499e-003	1.000000e-030	1.000000e-030	2.352334e-001	1.000000e-030	8.052749e-002	1.000000e-030	1.000000e-030	1.000000e-030	1.000000e-030	1.163175e-001	1.000000e-030	1.000000e-030	1.842108e-001	
