7.710755e-001	2.289245e-001	0.000000e+000	0.000000e+000	0.000000e+000	
0.000000e+000	7.565730e-001	2.434270e-001	0.000000e+000	0.000000e+000	
0.000000e+000	0.000000e+000	9.301260e-001	6.987399e-002	0.000000e+000	
0.000000e+000	0.000000e+000	0.000000e+000	9.555975e-001	4.440248e-002	
0.000000e+000	0.000000e+000	0.000000e+000	0.000000e+000	1.000000e+000	
1.000000e-030	1.000000e-030	1.000000e-030	1.000000e-030	1.000000e-030	1.000000e-030	1.000000e-030	1.000000e-030	1.000000e-030	1.000000e-030	1.000000e-030	1.000000e-030	1.000000e-030	1.000000e-030	1.000000e-030	3.864366e-006	1.000000e-030	1.000000e-030	1.000000e-030	1.000000e-030	1.000000e-030	1.000000e-030	1.000000e-030	3.133994e-001	1.000000e-030	1.000000e-030	1.000000e-030	1.000000e-030	1.000000e-030	1.000000e-030	1.000000e-030	6.865968e-001	
1.000000e-030	1.000000e-030	1.000000e-030	1.000000e-030	1.000000e-030	1.000000e-030	1.000000e-030	1.000000e-030	1.000000e-030	1.000000e-030	1.000000e-030	1.000000e-030	1.000000e-030	1.000000e-030	1.000000e-030	5.480084e-001	1.000000e-030	1.000000e-030	1.000000e-030	1.000000e-030	1.000000e-030	1.140492e-002	1.000000e-030	4.403986e-001	1.000000e-030	1.000000e-030	1.000000e-030	1.000000e-030	1.000000e-030	1.000000e-030	1.000000e-030	1.880517e-004	
1.000000e-030	1.000000e-030	1.000000e-030	2.729400e-016	1.000000e-030	1.000000e-030	1.000000e-030	1.000000e-030	1.000000e-030	1.000000e-030	1.000000e-030	1.000000e-030	1.000000e-030	1.000000e-030	1.000000e-030	5.665994e-001	1.000000e-030	1.000000e-030	1.000000e-030	1.000000e-030	1.000000e-030	6.658829e-002	1.000000e-030	3.668123e-001	1.000000e-030	1.000000e-030	1.000000e-030	1.000000e-030	1.000000e-030	1.000000e-030	1.000000e-030	2.997344e-022	
1.000000e-030	1.000000e-030	1.000000e-030	4.183037e-002	1.000000e-030	1.000000e-030	1.000000e-030	1.000000e-030	1.000000e-030	1.000000e-030	1.000000e-030	1.000000e-030	1.000000e-030	5.111888e-004	1.000000e-030	6.461892e-001	1.000000e-030	1.000000e-030	1.000000e-030	1.000000e-030	1.000000e-030	7.623900e-006	1.000000e-030	3.114616e-001	1.000000e-030	1.557265e-017	1.000000e-030	1.000000e-030	1.000000e-030	1.000000e-030	1.000000e-030	1.000000e-030	
9.644039e-003	1.000000e-030	1.000000e-030	5.586502e-004	9.644039e-003	2.893212e-002	1.000000e-030	1.000000e-030	1.000000e-030	1.000000e-030	1.000000e-030	1.000000e-030	3.857615e-002	9.533011e-003	1.928808e-002	3.673114e-001	9.644039e-003	1.000000e-030	1.000000e-030	1.000000e-030	3.857615e-002	1.000000e-030	1.000000e-030	2.946996e-001	1.000000e-030	4.822019e-002	8.679635e-002	1.000000e-030	1.000000e-030	1.000000e-030	1.000000e-030	3.857615e-002	
