8.888777e-001	1.111223e-001	0.000000e+000	0.000000e+000	0.000000e+000	
0.000000e+000	7.414388e-001	2.585612e-001	0.000000e+000	0.000000e+000	
0.000000e+000	0.000000e+000	9.201475e-001	7.985253e-002	0.000000e+000	
0.000000e+000	0.000000e+000	0.000000e+000	9.698875e-001	3.011249e-002	
0.000000e+000	0.000000e+000	0.000000e+000	0.000000e+000	1.000000e+000	
1.000000e-030	1.000000e-030	1.000000e-030	1.000000e-030	1.000000e-030	1.000000e-030	1.000000e-030	1.000000e-030	1.000000e-030	1.000000e-030	1.000000e-030	1.000000e-030	1.000000e-030	1.000000e-030	1.000000e-030	8.888777e-001	1.000000e-030	1.000000e-030	1.000000e-030	1.000000e-030	1.000000e-030	1.000000e-030	1.000000e-030	2.196162e-018	1.000000e-030	1.000000e-030	1.000000e-030	1.000000e-030	1.000000e-030	1.000000e-030	1.000000e-030	1.111223e-001	
1.000000e-030	1.000000e-030	1.000000e-030	1.000000e-030	1.000000e-030	1.000000e-030	1.000000e-030	1.000000e-030	1.000000e-030	1.000000e-030	1.000000e-030	1.000000e-030	1.000000e-030	1.000000e-030	1.000000e-030	4.335361e-004	1.000000e-030	1.000000e-030	1.000000e-030	2.585611e-001	1.000000e-030	1.000000e-030	1.000000e-030	7.410054e-001	1.000000e-030	1.000000e-030	1.000000e-030	1.000000e-030	1.000000e-030	1.000000e-030	1.000000e-030	1.000000e-030	
1.000000e-030	1.000000e-030	1.000000e-030	1.000000e-030	1.000000e-030	1.000000e-030	1.000000e-030	1.000000e-030	1.000000e-030	1.000000e-030	1.000000e-030	1.000000e-030	1.000000e-030	1.000000e-030	1.000000e-030	2.731828e-001	1.000000e-030	1.000000e-030	1.000000e-030	2.577552e-008	1.000000e-030	1.000000e-030	1.000000e-030	7.266327e-001	1.000000e-030	1.000000e-030	1.000000e-030	1.000000e-030	1.000000e-030	1.000000e-030	1.000000e-030	1.844809e-004	
1.000000e-030	1.000000e-030	1.000000e-030	1.000000e-030	1.000000e-030	2.728588e-002	1.000000e-030	4.397831e-020	1.000000e-030	1.000000e-030	1.000000e-030	1.000000e-030	1.000000e-030	1.000000e-030	1.000000e-030	5.235067e-001	1.000000e-030	1.000000e-030	1.000000e-030	1.000000e-030	1.000000e-030	1.000000e-030	1.000000e-030	3.890542e-001	1.000000e-030	1.000000e-030	1.000000e-030	1.000000e-030	1.000000e-030	1.000000e-030	1.000000e-030	6.015318e-002	
1.000000e-030	1.000000e-030	1.000000e-030	1.106177e-002	2.212354e-002	4.528543e-002	1.000000e-030	5.530884e-002	1.000000e-030	3.318531e-002	1.000000e-030	1.000000e-030	5.530884e-002	3.318531e-002	6.637061e-002	2.123097e-001	1.000000e-030	1.000000e-030	1.000000e-030	1.106177e-002	3.318531e-002	3.318531e-002	1.000000e-030	2.114392e-001	1.000000e-030	4.424708e-002	4.424708e-002	1.000000e-030	1.000000e-030	1.106177e-002	1.106177e-002	6.637144e-002	
