5.000000e-001	5.000000e-001	0.000000e+000	0.000000e+000	0.000000e+000	
0.000000e+000	8.841149e-001	1.158851e-001	0.000000e+000	0.000000e+000	
0.000000e+000	0.000000e+000	9.589623e-001	4.103772e-002	0.000000e+000	
0.000000e+000	0.000000e+000	0.000000e+000	6.467530e-001	3.532470e-001	
0.000000e+000	0.000000e+000	0.000000e+000	0.000000e+000	1.000000e+000	
1.000000e-030	1.000000e-030	1.000000e-030	1.000000e-030	1.000000e-030	1.000000e-030	1.000000e-030	1.000000e-030	1.000000e-030	1.000000e-030	1.000000e-030	1.000000e-030	1.000000e-030	1.000000e-030	1.000000e-030	1.000000e+000	1.000000e-030	1.000000e-030	1.000000e-030	1.000000e-030	1.000000e-030	1.000000e-030	1.000000e-030	4.078061e-008	1.000000e-030	1.000000e-030	1.000000e-030	1.000000e-030	1.000000e-030	1.000000e-030	1.000000e-030	1.000000e-030	
1.000000e-030	1.000000e-030	1.000000e-030	1.804272e-002	1.000000e-030	9.027381e-002	1.000000e-030	2.317701e-001	1.000000e-030	1.000000e-030	1.000000e-030	1.000000e-030	1.000000e-030	1.000000e-030	1.000000e-030	2.478505e-016	1.000000e-030	1.000000e-030	1.000000e-030	1.000000e-030	1.000000e-030	1.000000e-030	1.000000e-030	6.599134e-001	1.000000e-030	1.000000e-030	1.000000e-030	1.000000e-030	1.000000e-030	1.000000e-030	1.000000e-030	1.000000e-030	
1.000000e-030	1.000000e-030	1.000000e-030	7.568607e-002	1.000000e-030	5.010729e-002	1.000000e-030	2.130245e-008	1.000000e-030	1.000000e-030	1.000000e-030	1.000000e-030	1.000000e-030	1.000000e-030	1.000000e-030	1.000000e-030	1.000000e-030	1.000000e-030	1.000000e-030	1.000000e-030	1.000000e-030	1.000000e-030	1.000000e-030	8.742066e-001	1.000000e-030	1.000000e-030	1.000000e-030	1.000000e-030	1.000000e-030	1.000000e-030	1.000000e-030	1.000000e-030	
1.000000e-030	1.000000e-030	1.000000e-030	1.749539e-013	1.000000e-030	1.000000e-030	1.000000e-030	1.000000e-030	1.000000e-030	1.000000e-030	1.000000e-030	1.000000e-030	1.000000e-030	1.000000e-030	6.457160e-001	1.000000e-030	1.000000e-030	1.000000e-030	1.000000e-030	3.532470e-001	1.000000e-030	1.000000e-030	1.000000e-030	1.036948e-003	1.000000e-030	1.000000e-030	1.000000e-030	1.000000e-030	1.000000e-030	1.000000e-030	1.000000e-030	1.000000e-030	
1.000000e-030	1.000000e-030	1.000000e-030	4.497533e-002	1.799013e-002	9.894573e-002	1.000000e-030	2.698520e-002	1.000000e-030	8.995066e-003	1.000000e-030	8.995066e-003	2.698520e-002	8.995066e-003	6.451311e-002	1.000000e-030	1.000000e-030	1.799013e-002	1.000000e-030	1.832412e-029	1.799013e-002	1.799013e-002	1.000000e-030	6.026694e-001	1.000000e-030	1.000000e-030	1.799013e-002	1.000000e-030	1.000000e-030	1.000000e-030	1.799013e-002	1.000000e-030	
