8.142814e-001	1.857186e-001	0.000000e+000	0.000000e+000	0.000000e+000	
0.000000e+000	9.104759e-001	8.952414e-002	0.000000e+000	0.000000e+000	
0.000000e+000	0.000000e+000	8.160705e-001	1.839295e-001	0.000000e+000	
0.000000e+000	0.000000e+000	0.000000e+000	9.451880e-001	5.481204e-002	
0.000000e+000	0.000000e+000	0.000000e+000	0.000000e+000	1.000000e+000	
1.000000e-030	1.000000e-030	1.000000e-030	1.000000e-030	1.000000e-030	2.112668e-005	1.000000e-030	6.825029e-001	1.000000e-030	1.000000e-030	1.000000e-030	1.000000e-030	1.000000e-030	1.000000e-030	1.000000e-030	1.000000e-030	1.000000e-030	1.000000e-030	1.000000e-030	1.000000e-030	1.000000e-030	1.000000e-030	1.000000e-030	3.174760e-001	1.000000e-030	1.000000e-030	1.000000e-030	1.000000e-030	1.000000e-030	1.000000e-030	1.000000e-030	1.000000e-030	
1.000000e-030	1.000000e-030	1.000000e-030	1.103087e-010	1.000000e-030	8.951396e-002	1.000000e-030	6.557706e-001	1.000000e-030	1.000000e-030	1.000000e-030	1.000000e-030	1.000000e-030	1.000000e-030	1.000000e-030	1.000000e-030	1.000000e-030	1.000000e-030	1.000000e-030	1.000000e-030	1.000000e-030	1.000000e-030	1.000000e-030	2.547155e-001	1.000000e-030	1.000000e-030	1.000000e-030	1.000000e-030	1.000000e-030	1.000000e-030	1.000000e-030	1.000000e-030	
1.000000e-030	1.000000e-030	1.000000e-030	3.678590e-001	1.000000e-030	1.000000e-030	1.000000e-030	2.859593e-008	1.000000e-030	8.587097e-005	1.000000e-030	1.000000e-030	1.000000e-030	1.839295e-001	1.000000e-030	1.000000e-030	1.000000e-030	1.839295e-001	1.000000e-030	1.000000e-030	1.000000e-030	1.000000e-030	1.000000e-030	8.191082e-002	1.000000e-030	1.822853e-001	1.000000e-030	1.000000e-030	1.000000e-030	1.000000e-030	1.000000e-030	1.000000e-030	
5.481204e-002	1.000000e-030	1.000000e-030	1.000000e-030	1.644361e-001	1.000000e-030	1.000000e-030	1.000000e-030	1.000000e-030	1.644105e-001	1.000000e-030	1.000000e-030	1.291888e-002	2.195757e-011	1.000000e-030	1.000000e-030	1.000000e-030	1.000000e-030	1.000000e-030	1.000000e-030	1.000000e-030	1.000000e-030	1.000000e-030	1.000000e-030	1.000000e-030	4.899645e-004	6.029325e-001	1.000000e-030	1.000000e-030	1.000000e-030	1.000000e-030	1.000000e-030	
1.000000e-030	9.194193e-003	1.000000e-030	1.000000e-030	5.234575e-011	1.011361e-001	1.000000e-030	5.056806e-001	1.000000e-030	1.000000e-030	1.000000e-030	1.000000e-030	3.460975e-002	1.000000e-030	1.000000e-030	1.000000e-030	1.000000e-030	4.597096e-002	1.000000e-030	9.194193e-003	6.435935e-002	1.000000e-030	1.000000e-030	2.298548e-001	1.000000e-030	1.000000e-030	1.000000e-030	1.000000e-030	1.000000e-030	1.000000e-030	1.000000e-030	1.000000e-030	
