6.528847e-001	3.471153e-001	0.000000e+000	0.000000e+000	0.000000e+000	
0.000000e+000	9.383435e-001	6.165655e-002	0.000000e+000	0.000000e+000	
0.000000e+000	0.000000e+000	9.175269e-001	8.247309e-002	0.000000e+000	
0.000000e+000	0.000000e+000	0.000000e+000	9.632507e-001	3.674933e-002	
0.000000e+000	0.000000e+000	0.000000e+000	0.000000e+000	1.000000e+000	
1.000000e-030	1.000000e-030	1.000000e-030	1.000000e-030	1.000000e-030	1.000000e-030	1.000000e-030	1.000000e-030	1.000000e-030	1.000000e-030	1.000000e-030	1.000000e-030	1.000000e-030	1.000000e-030	1.000000e-030	1.136819e-005	1.000000e-030	1.000000e-030	1.000000e-030	1.000000e-030	1.000000e-030	1.000000e-030	1.000000e-030	6.528734e-001	1.000000e-030	1.000000e-030	1.000000e-030	1.000000e-030	1.000000e-030	1.000000e-030	1.000000e-030	3.471153e-001	
1.000000e-030	1.000000e-030	1.000000e-030	1.000000e-030	1.000000e-030	1.000000e-030	1.000000e-030	1.000000e-030	1.000000e-030	1.000000e-030	1.000000e-030	1.000000e-030	1.000000e-030	1.000000e-030	1.000000e-030	9.394475e-001	1.000000e-030	1.000000e-030	1.000000e-030	1.000000e-030	1.000000e-030	1.000000e-030	1.000000e-030	6.055247e-002	1.000000e-030	1.000000e-030	1.000000e-030	1.000000e-030	1.000000e-030	1.000000e-030	1.000000e-030	5.198006e-010	
1.000000e-030	1.000000e-030	1.000000e-030	1.000000e-030	1.000000e-030	1.000000e-030	1.000000e-030	1.000000e-030	1.000000e-030	1.000000e-030	1.000000e-030	1.000000e-030	1.000000e-030	1.000000e-030	1.000000e-030	9.898444e-001	1.000000e-030	1.000000e-030	1.000000e-030	1.000000e-030	1.000000e-030	1.000000e-030	1.000000e-030	1.014559e-002	1.000000e-030	1.000000e-030	1.000000e-030	1.000000e-030	1.000000e-030	1.000000e-030	1.000000e-030	9.979747e-006	
1.000000e-030	1.000000e-030	1.000000e-030	1.000000e-030	1.000000e-030	1.000000e-030	1.000000e-030	1.000000e-030	1.000000e-030	1.000000e-030	1.000000e-030	1.000000e-030	1.000000e-030	4.023426e-003	1.000000e-030	8.165279e-001	1.000000e-030	1.000000e-030	1.000000e-030	2.380270e-021	1.000000e-030	1.000000e-030	1.000000e-030	7.396494e-002	1.000000e-030	1.000000e-030	1.000000e-030	1.000000e-030	1.000000e-030	1.000000e-030	1.000000e-030	1.054838e-001	
1.000000e-030	1.104195e-002	1.000000e-030	1.104195e-002	1.104195e-002	2.208391e-002	1.000000e-030	3.312586e-002	1.000000e-030	1.104195e-002	1.104195e-002	1.000000e-030	4.416781e-002	9.833048e-003	1.104195e-001	4.145403e-001	1.104195e-002	1.104195e-002	1.000000e-030	8.833563e-002	3.312586e-002	1.000000e-030	1.000000e-030	1.214764e-001	1.000000e-030	1.000000e-030	1.104195e-002	1.000000e-030	1.104195e-002	1.000000e-030	1.000000e-030	2.351405e-002	
