9.429840e-001	5.701596e-002	0.000000e+000	0.000000e+000	0.000000e+000	
0.000000e+000	8.193085e-001	1.806915e-001	0.000000e+000	0.000000e+000	
0.000000e+000	0.000000e+000	7.581484e-001	2.418516e-001	0.000000e+000	
0.000000e+000	0.000000e+000	0.000000e+000	9.467844e-001	5.321556e-002	
0.000000e+000	0.000000e+000	0.000000e+000	0.000000e+000	1.000000e+000	
1.000000e-030	1.000000e-030	1.000000e-030	1.000000e-030	1.000000e-030	1.000000e-030	1.000000e-030	1.000000e-030	1.000000e-030	1.000000e-030	1.000000e-030	1.000000e-030	1.000000e-030	1.000000e-030	1.000000e-030	6.054242e-001	1.000000e-030	1.000000e-030	1.000000e-030	1.000000e-030	1.000000e-030	1.000000e-030	1.000000e-030	2.805439e-001	1.000000e-030	1.000000e-030	1.000000e-030	1.000000e-030	1.000000e-030	1.000000e-030	1.000000e-030	1.140319e-001	
1.000000e-030	1.000000e-030	1.000000e-030	8.061811e-014	1.000000e-030	1.000000e-030	1.000000e-030	1.000000e-030	1.000000e-030	1.000000e-030	1.000000e-030	1.000000e-030	1.000000e-030	1.000000e-030	1.000000e-030	9.723911e-001	1.000000e-030	1.000000e-030	1.000000e-030	1.000000e-030	1.000000e-030	1.000000e-030	1.000000e-030	2.760890e-002	1.000000e-030	1.000000e-030	1.000000e-030	1.000000e-030	1.000000e-030	1.000000e-030	1.000000e-030	1.881580e-010	
1.000000e-030	1.000000e-030	1.000000e-030	2.418516e-001	1.000000e-030	1.000000e-030	1.000000e-030	1.000000e-030	1.000000e-030	1.000000e-030	1.000000e-030	1.000000e-030	1.000000e-030	1.000000e-030	1.000000e-030	2.078060e-009	1.000000e-030	1.000000e-030	1.000000e-030	1.000000e-030	1.000000e-030	1.000000e-030	1.000000e-030	4.659899e-001	1.000000e-030	5.030686e-002	1.000000e-030	1.000000e-030	1.000000e-030	1.000000e-030	1.000000e-030	2.418516e-001	
1.000000e-030	1.000000e-030	1.000000e-030	1.000000e-030	1.064047e-001	1.000000e-030	1.000000e-030	1.000000e-030	1.000000e-030	1.596467e-001	1.000000e-030	1.000000e-030	2.060501e-030	1.000000e-030	5.321556e-002	1.000000e-030	1.000000e-030	1.000000e-030	1.000000e-030	1.000000e-030	1.000000e-030	1.000000e-030	1.000000e-030	2.115138e-012	1.000000e-030	1.485775e-001	5.321556e-001	1.000000e-030	1.000000e-030	1.000000e-030	1.000000e-030	1.000000e-030	
1.000000e-030	1.000000e-030	1.000000e-030	1.000000e-030	4.818656e-006	2.912607e-002	1.000000e-030	1.000000e-030	1.000000e-030	9.708691e-003	1.000000e-030	1.000000e-030	3.883476e-002	3.883476e-002	1.000000e-030	3.689303e-001	1.000000e-030	1.000000e-030	1.000000e-030	2.912607e-002	4.854346e-002	1.000000e-030	1.000000e-030	3.786390e-001	1.000000e-030	1.000000e-030	1.000000e-030	1.000000e-030	1.000000e-030	1.000000e-030	1.000000e-030	5.825215e-002	
