8.571429e-001	1.428571e-001	0.000000e+000	0.000000e+000	0.000000e+000	
0.000000e+000	6.666667e-001	3.333333e-001	0.000000e+000	0.000000e+000	
0.000000e+000	0.000000e+000	9.371620e-001	6.283797e-002	0.000000e+000	
0.000000e+000	0.000000e+000	0.000000e+000	9.447088e-001	5.529122e-002	
0.000000e+000	0.000000e+000	0.000000e+000	0.000000e+000	1.000000e+000	
1.000000e-030	1.000000e-030	1.000000e-030	1.000000e-030	1.000000e-030	1.428571e-001	1.000000e-030	7.142857e-001	1.000000e-030	1.000000e-030	1.000000e-030	1.000000e-030	1.000000e-030	1.000000e-030	1.000000e-030	1.000000e-030	1.000000e-030	1.428571e-001	1.000000e-030	1.000000e-030	1.000000e-030	1.000000e-030	1.000000e-030	2.416373e-020	1.000000e-030	1.000000e-030	1.000000e-030	1.000000e-030	1.000000e-030	1.000000e-030	1.000000e-030	1.000000e-030	
1.000000e-030	1.000000e-030	1.000000e-030	1.000000e-030	1.000000e-030	1.000000e-030	1.000000e-030	1.000000e-030	1.000000e-030	1.000000e-030	1.000000e-030	1.000000e-030	1.000000e-030	1.000000e-030	1.000000e-030	1.000000e-030	1.000000e-030	6.666667e-001	1.000000e-030	1.000000e-030	1.000000e-030	1.000000e-030	1.000000e-030	3.333333e-001	1.000000e-030	1.869007e-015	1.000000e-030	1.000000e-030	1.000000e-030	1.000000e-030	1.000000e-030	1.000000e-030	
1.000000e-030	1.000000e-030	1.000000e-030	1.000000e-030	1.000000e-030	1.000000e-030	1.000000e-030	1.000000e-030	1.000000e-030	6.923291e-001	1.000000e-030	1.000000e-030	1.000000e-030	1.000000e-030	1.000000e-030	1.000000e-030	1.000000e-030	1.000000e-030	1.000000e-030	1.000000e-030	1.000000e-030	1.000000e-030	1.000000e-030	1.000000e-030	1.000000e-030	3.076709e-001	1.000000e-030	1.000000e-030	1.000000e-030	1.000000e-030	1.000000e-030	1.000000e-030	
1.000000e-030	1.000000e-030	1.000000e-030	1.000000e-030	1.000000e-030	1.000000e-030	1.000000e-030	1.105824e-001	1.000000e-030	3.307694e-001	1.000000e-030	1.000000e-030	1.000000e-030	5.529122e-002	1.000000e-030	1.000000e-030	1.000000e-030	1.000000e-030	1.000000e-030	1.000000e-030	1.000000e-030	1.000000e-030	1.000000e-030	2.764561e-001	1.000000e-030	2.269009e-001	1.054082e-015	1.000000e-030	1.000000e-030	1.000000e-030	1.000000e-030	1.000000e-030	
1.000000e-030	8.571429e-002	1.000000e-030	1.000000e-030	2.857143e-002	9.523810e-003	1.000000e-030	5.809524e-001	1.000000e-030	1.000000e-030	1.000000e-030	1.000000e-030	4.761905e-002	1.000000e-030	1.904762e-002	1.000000e-030	1.000000e-030	2.857143e-002	1.000000e-030	1.904762e-002	6.666667e-002	1.000000e-030	1.000000e-030	3.809524e-002	1.000000e-030	1.000000e-030	6.666667e-002	9.523810e-003	1.000000e-030	1.000000e-030	1.000000e-030	1.000000e-030	
