9.405057e-001	5.949426e-002	0.000000e+000	0.000000e+000	0.000000e+000	
0.000000e+000	9.460919e-001	5.390807e-002	0.000000e+000	0.000000e+000	
0.000000e+000	0.000000e+000	9.060294e-001	9.397062e-002	0.000000e+000	
0.000000e+000	0.000000e+000	0.000000e+000	6.666769e-001	3.333231e-001	
0.000000e+000	0.000000e+000	0.000000e+000	0.000000e+000	1.000000e+000	
1.000000e-030	1.000000e-030	1.000000e-030	1.000000e-030	1.000000e-030	1.000000e-030	1.000000e-030	9.342505e-001	1.000000e-030	1.000000e-030	1.000000e-030	1.000000e-030	1.000000e-030	1.000000e-030	1.000000e-030	1.000000e-030	1.000000e-030	1.000000e-030	1.000000e-030	1.000000e-030	1.000000e-030	1.000000e-030	1.000000e-030	6.574951e-002	1.000000e-030	1.000000e-030	1.000000e-030	1.000000e-030	1.000000e-030	1.000000e-030	1.000000e-030	1.000000e-030	
1.000000e-030	2.706366e-020	1.000000e-030	1.000000e-030	1.000000e-030	1.000000e-030	1.000000e-030	9.517634e-001	1.000000e-030	1.000000e-030	1.000000e-030	1.000000e-030	1.000000e-030	1.000000e-030	1.000000e-030	1.000000e-030	1.000000e-030	1.000000e-030	1.000000e-030	1.000000e-030	1.000000e-030	1.000000e-030	1.000000e-030	4.823656e-002	1.000000e-030	1.000000e-030	1.000000e-030	1.000000e-030	1.000000e-030	1.000000e-030	1.000000e-030	1.000000e-030	
1.000000e-030	9.397062e-002	1.000000e-030	1.000000e-030	1.000000e-030	1.000000e-030	1.000000e-030	9.060168e-001	1.000000e-030	1.000000e-030	1.000000e-030	1.000000e-030	1.000000e-030	1.000000e-030	1.000000e-030	1.000000e-030	1.000000e-030	1.000000e-030	1.000000e-030	1.000000e-030	1.000000e-030	1.000000e-030	1.000000e-030	1.257455e-005	1.000000e-030	1.000000e-030	1.000000e-030	1.000000e-030	1.000000e-030	1.000000e-030	1.000000e-030	1.000000e-030	
1.000000e-030	1.000000e-030	1.000000e-030	1.000000e-030	1.000000e-030	1.000000e-030	1.000000e-030	2.132682e-017	1.000000e-030	1.000000e-030	1.000000e-030	1.000000e-030	1.000000e-030	3.333231e-001	1.000000e-030	1.000000e-030	1.000000e-030	1.000000e-030	1.000000e-030	1.000000e-030	1.000000e-030	1.000000e-030	1.000000e-030	3.333007e-001	1.000000e-030	5.298859e-005	1.000000e-030	1.000000e-030	1.000000e-030	1.000000e-030	1.000000e-030	3.333231e-001	
1.000000e-030	3.000005e-002	1.000000e-030	1.000000e-030	3.000005e-002	2.000003e-002	1.000000e-030	5.900009e-001	1.000000e-030	3.000005e-002	1.000000e-030	1.000000e-030	3.000005e-002	1.000000e-030	1.000000e-030	1.000000e-030	1.000000e-030	5.000008e-002	1.000000e-030	1.000000e-030	4.000006e-002	1.000000e-030	1.000000e-030	2.000003e-002	1.000000e-030	3.999847e-002	1.200002e-001	1.000000e-030	1.000000e-030	1.000000e-030	1.000000e-030	1.000000e-030	
