7.779837e-001	2.220163e-001	0.000000e+000	0.000000e+000	0.000000e+000	
0.000000e+000	8.617327e-001	1.382673e-001	0.000000e+000	0.000000e+000	
0.000000e+000	0.000000e+000	5.716577e-001	4.283423e-001	0.000000e+000	
0.000000e+000	0.000000e+000	0.000000e+000	9.627625e-001	3.723747e-002	
0.000000e+000	0.000000e+000	0.000000e+000	0.000000e+000	1.000000e+000	
1.000000e-030	1.000000e-030	1.000000e-030	1.000000e-030	1.000000e-030	1.000000e-030	1.000000e-030	1.000000e-030	1.000000e-030	1.000000e-030	1.000000e-030	1.000000e-030	1.000000e-030	1.000000e-030	1.000000e-030	9.999936e-001	1.000000e-030	1.000000e-030	1.000000e-030	1.000000e-030	1.000000e-030	1.000000e-030	1.000000e-030	6.435358e-006	1.000000e-030	1.000000e-030	1.000000e-030	1.000000e-030	1.000000e-030	1.000000e-030	1.000000e-030	1.000000e-030	
1.000000e-030	1.000000e-030	1.000000e-030	1.000000e-030	1.000000e-030	1.000000e-030	1.000000e-030	1.000000e-030	1.000000e-030	1.000000e-030	1.000000e-030	1.000000e-030	1.000000e-030	1.000000e-030	1.000000e-030	3.086677e-001	1.000000e-030	1.000000e-030	1.000000e-030	1.000000e-030	1.000000e-030	1.000000e-030	1.000000e-030	6.913323e-001	1.000000e-030	1.000000e-030	1.000000e-030	1.000000e-030	1.000000e-030	1.000000e-030	1.000000e-030	1.277796e-029	
1.000000e-030	1.000000e-030	1.000000e-030	1.000000e-030	1.000000e-030	1.000000e-030	1.000000e-030	1.000000e-030	1.000000e-030	1.000000e-030	1.000000e-030	1.000000e-030	1.000000e-030	1.000000e-030	1.000000e-030	1.655583e-001	1.000000e-030	1.000000e-030	1.000000e-030	1.000000e-030	1.000000e-030	1.000000e-030	1.000000e-030	1.000000e-030	1.000000e-030	1.000000e-030	1.000000e-030	1.000000e-030	1.000000e-030	1.000000e-030	1.000000e-030	8.344417e-001	
1.000000e-030	1.000000e-030	1.000000e-030	3.723747e-002	1.000000e-030	1.000000e-030	1.000000e-030	1.000000e-030	1.000000e-030	1.000000e-030	1.000000e-030	1.000000e-030	1.000000e-030	7.207784e-004	1.000000e-030	8.579608e-001	1.000000e-030	1.000000e-030	1.000000e-030	1.000000e-030	1.000000e-030	1.000000e-030	1.000000e-030	7.438338e-002	1.000000e-030	1.000000e-030	1.000000e-030	1.000000e-030	1.000000e-030	1.000000e-030	1.000000e-030	2.969754e-002	
1.000000e-030	1.000000e-030	1.000000e-030	1.000000e-030	1.850580e-002	1.850580e-002	1.000000e-030	1.000000e-030	1.000000e-030	1.850580e-002	1.000000e-030	1.000000e-030	1.850580e-002	9.073800e-003	9.252901e-003	5.536630e-001	9.252901e-003	1.000000e-030	1.000000e-030	1.000000e-030	3.701161e-002	1.850580e-002	1.000000e-030	7.404598e-002	1.000000e-030	5.551741e-002	6.477031e-002	1.000000e-030	1.000000e-030	1.000000e-030	2.775870e-002	6.712434e-002	
