4.988999e-012	1.000000e+000	0.000000e+000	0.000000e+000	0.000000e+000	
0.000000e+000	8.857056e-001	1.142944e-001	0.000000e+000	0.000000e+000	
0.000000e+000	0.000000e+000	9.468818e-001	5.311816e-002	0.000000e+000	
0.000000e+000	0.000000e+000	0.000000e+000	9.738478e-001	2.615216e-002	
0.000000e+000	0.000000e+000	0.000000e+000	0.000000e+000	1.000000e+000	
1.000000e-030	1.000000e-030	1.000000e-030	1.000000e-030	1.000000e-030	1.000000e-030	1.000000e-030	1.000000e-030	1.000000e-030	1.000000e-030	1.000000e-030	1.000000e-030	1.000000e-030	1.000000e-030	1.000000e-030	4.988999e-012	1.000000e-030	1.000000e-030	1.000000e-030	1.000000e-030	1.000000e-030	1.000000e-030	1.000000e-030	1.000000e-030	1.000000e-030	1.000000e-030	1.000000e-030	1.000000e-030	1.000000e-030	1.000000e-030	1.000000e-030	1.000000e+000	
1.000000e-030	1.000000e-030	1.000000e-030	1.000000e-030	1.000000e-030	1.000000e-030	1.000000e-030	1.000000e-030	1.000000e-030	1.142944e-001	1.000000e-030	1.000000e-030	1.000000e-030	1.000000e-030	1.000000e-030	3.870183e-001	1.000000e-030	1.000000e-030	1.000000e-030	1.000000e-030	1.000000e-030	1.000000e-030	1.000000e-030	4.986873e-001	1.000000e-030	1.000000e-030	1.000000e-030	1.000000e-030	1.000000e-030	1.000000e-030	1.000000e-030	1.158635e-010	
1.000000e-030	1.000000e-030	1.000000e-030	1.000000e-030	1.000000e-030	1.000000e-030	1.000000e-030	1.000000e-030	1.000000e-030	1.055563e-013	1.000000e-030	1.000000e-030	1.000000e-030	1.000000e-030	1.000000e-030	2.342937e-001	1.000000e-030	1.000000e-030	1.000000e-030	1.000000e-030	1.000000e-030	3.631997e-019	1.000000e-030	3.173019e-001	1.000000e-030	1.000000e-030	1.000000e-030	1.000000e-030	1.000000e-030	5.311816e-002	1.000000e-030	3.952862e-001	
1.000000e-030	1.000000e-030	1.000000e-030	5.230433e-002	1.000000e-030	1.000000e-030	1.000000e-030	1.000000e-030	1.000000e-030	1.000000e-030	1.000000e-030	1.000000e-030	1.000000e-030	1.530705e-001	1.000000e-030	2.666931e-001	1.000000e-030	1.373924e-012	1.000000e-030	2.615167e-002	1.000000e-030	1.046087e-001	1.000000e-030	2.518086e-001	1.000000e-030	1.000000e-030	1.000000e-030	1.000000e-030	1.000000e-030	1.906654e-030	1.000000e-030	1.453631e-001	
1.000000e-030	1.000000e-030	1.000000e-030	4.866952e-002	1.000000e-030	1.095064e-001	1.000000e-030	1.000000e-030	1.000000e-030	1.000000e-030	1.000000e-030	3.650214e-002	4.866952e-002	1.395510e-002	1.095064e-001	8.523613e-002	1.216738e-002	1.216738e-002	1.000000e-030	1.216761e-002	3.650214e-002	1.216738e-002	1.000000e-030	3.776111e-001	1.000000e-030	1.216738e-002	3.650214e-002	1.000000e-030	1.000000e-030	1.000000e-030	1.000000e-030	3.650216e-002	
