9.090909e-001	9.090909e-002	0.000000e+000	0.000000e+000	0.000000e+000	
0.000000e+000	6.666667e-001	3.333333e-001	0.000000e+000	0.000000e+000	
0.000000e+000	0.000000e+000	7.500000e-001	2.500000e-001	0.000000e+000	
0.000000e+000	0.000000e+000	0.000000e+000	8.888889e-001	1.111111e-001	
0.000000e+000	0.000000e+000	0.000000e+000	0.000000e+000	1.000000e+000	
1.000000e-030	1.000000e-030	1.000000e-030	1.000000e-030	1.000000e-030	9.090909e-002	1.000000e-030	1.000000e-030	1.000000e-030	1.000000e-030	1.000000e-030	1.000000e-030	1.000000e-030	1.000000e-030	1.000000e-030	9.090909e-002	1.000000e-030	1.000000e-030	1.000000e-030	1.000000e-030	1.000000e-030	1.000000e-030	1.000000e-030	7.272727e-001	1.000000e-030	1.000000e-030	1.000000e-030	1.000000e-030	1.000000e-030	1.000000e-030	1.000000e-030	9.090909e-002	
1.000000e-030	1.000000e-030	1.000000e-030	1.000000e+000	1.000000e-030	1.000000e-030	1.000000e-030	1.000000e-030	1.000000e-030	1.000000e-030	1.000000e-030	1.000000e-030	1.000000e-030	1.000000e-030	1.000000e-030	2.064934e-029	1.000000e-030	1.000000e-030	1.000000e-030	1.000000e-030	1.000000e-030	1.000000e-030	1.000000e-030	1.000000e-030	1.000000e-030	1.000000e-030	1.000000e-030	1.000000e-030	1.000000e-030	1.000000e-030	1.000000e-030	1.000000e-030	
1.000000e-030	1.000000e-030	1.000000e-030	1.000000e-030	1.000000e-030	1.000000e-030	1.000000e-030	1.000000e-030	1.000000e-030	1.000000e-030	1.000000e-030	1.000000e-030	1.000000e-030	1.000000e-030	1.000000e-030	5.000000e-001	1.000000e-030	1.000000e-030	1.000000e-030	1.000000e-030	1.000000e-030	1.000000e-030	1.000000e-030	2.500000e-001	1.000000e-030	1.000000e-030	1.000000e-030	1.000000e-030	1.000000e-030	1.000000e-030	1.000000e-030	2.500000e-001	
1.000000e-030	1.111111e-001	1.000000e-030	2.222222e-001	1.000000e-030	1.111111e-001	1.000000e-030	4.444444e-001	1.000000e-030	1.000000e-030	1.000000e-030	1.000000e-030	1.000000e-030	1.000000e-030	1.000000e-030	1.000000e-030	1.000000e-030	1.111111e-001	1.000000e-030	1.000000e-030	1.000000e-030	1.000000e-030	1.000000e-030	2.353460e-016	1.000000e-030	1.000000e-030	1.000000e-030	1.000000e-030	1.000000e-030	1.000000e-030	1.000000e-030	1.000000e-030	
1.000000e-030	1.000000e-030	1.000000e-030	1.000000e-030	8.196721e-003	9.016393e-002	1.000000e-030	4.098361e-002	8.196721e-003	3.278689e-002	1.000000e-030	1.000000e-030	1.639344e-002	1.000000e-030	1.000000e-030	2.459016e-002	1.000000e-030	1.639344e-002	8.196721e-003	1.639344e-002	1.000000e-030	5.737705e-002	1.000000e-030	5.081967e-001	1.000000e-030	4.098361e-002	9.836066e-002	1.000000e-030	8.196721e-003	1.000000e-030	1.000000e-030	2.459016e-002	
