6.666667e-001	3.333333e-001	0.000000e+000	0.000000e+000	0.000000e+000	
0.000000e+000	7.564595e-001	2.435405e-001	0.000000e+000	0.000000e+000	
0.000000e+000	0.000000e+000	8.896806e-001	1.103194e-001	0.000000e+000	
0.000000e+000	0.000000e+000	0.000000e+000	9.521699e-001	4.783013e-002	
0.000000e+000	0.000000e+000	0.000000e+000	0.000000e+000	1.000000e+000	
1.000000e-030	1.000000e-030	1.000000e-030	1.000000e-030	1.000000e-030	3.333333e-001	1.000000e-030	3.333333e-001	1.000000e-030	1.000000e-030	1.000000e-030	1.000000e-030	1.000000e-030	1.000000e-030	1.000000e-030	1.000000e-030	1.000000e-030	1.000000e-030	1.000000e-030	3.333333e-001	1.000000e-030	1.000000e-030	1.000000e-030	1.000000e-030	1.000000e-030	1.000000e-030	1.000000e-030	1.000000e-030	1.000000e-030	1.000000e-030	1.000000e-030	1.000000e-030	
1.000000e-030	1.000000e-030	1.000000e-030	1.000000e-030	1.000000e-030	1.000000e-030	1.000000e-030	1.000000e-030	1.000000e-030	1.000000e-030	1.000000e-030	1.000000e-030	1.000000e-030	1.000000e-030	1.000000e-030	2.435405e-001	1.000000e-030	1.000000e-030	1.000000e-030	1.244377e-017	1.000000e-030	1.000000e-030	1.000000e-030	7.564595e-001	1.000000e-030	1.000000e-030	1.000000e-030	1.000000e-030	1.000000e-030	1.000000e-030	1.000000e-030	2.595723e-015	
1.000000e-030	1.000000e-030	1.000000e-030	1.000000e-030	1.000000e-030	1.000000e-030	1.000000e-030	1.000000e-030	1.000000e-030	1.000000e-030	1.000000e-030	1.000000e-030	1.000000e-030	1.000000e-030	1.000000e-030	1.000000e-030	1.000000e-030	1.000000e-030	1.000000e-030	1.000000e-030	1.000000e-030	1.000000e-030	1.000000e-030	8.896806e-001	1.000000e-030	1.000000e-030	1.000000e-030	1.000000e-030	1.000000e-030	1.000000e-030	1.000000e-030	1.103194e-001	
1.000000e-030	1.000000e-030	1.000000e-030	1.000000e-030	1.000000e-030	1.000000e-030	1.000000e-030	1.000000e-030	1.000000e-030	1.000000e-030	1.000000e-030	1.000000e-030	1.000000e-030	1.000000e-030	1.000000e-030	6.193169e-001	1.000000e-030	1.000000e-030	1.000000e-030	1.000000e-030	1.000000e-030	1.000000e-030	1.000000e-030	3.806831e-001	1.000000e-030	1.000000e-030	1.000000e-030	1.000000e-030	1.000000e-030	1.000000e-030	1.000000e-030	1.000000e-030	
8.934795e-003	1.000000e-030	1.000000e-030	1.250871e-001	8.934795e-003	3.573918e-002	1.000000e-030	1.000000e-030	1.000000e-030	1.786959e-002	1.000000e-030	1.000000e-030	5.360877e-002	2.680438e-002	1.786959e-002	1.612886e-001	1.000000e-030	1.000000e-030	1.000000e-030	2.680438e-002	2.680438e-002	8.934795e-003	1.000000e-030	3.472977e-001	1.000000e-030	2.680438e-002	5.360877e-002	1.000000e-030	1.000000e-030	8.934795e-003	1.000000e-030	4.467397e-002	
