6.937643e-001	3.062357e-001	0.000000e+000	0.000000e+000	0.000000e+000	
0.000000e+000	7.375202e-001	2.624798e-001	0.000000e+000	0.000000e+000	
0.000000e+000	0.000000e+000	9.652580e-001	3.474203e-002	0.000000e+000	
0.000000e+000	0.000000e+000	0.000000e+000	8.482369e-001	1.517631e-001	
0.000000e+000	0.000000e+000	0.000000e+000	0.000000e+000	1.000000e+000	
1.000000e-030	1.000000e-030	1.000000e-030	1.154015e-009	1.000000e-030	4.399378e-001	1.000000e-030	2.472563e-001	1.000000e-030	1.000000e-030	1.000000e-030	1.000000e-030	1.000000e-030	1.000000e-030	1.000000e-030	1.000000e-030	1.000000e-030	1.000000e-030	1.000000e-030	3.062352e-001	1.000000e-030	1.000000e-030	1.000000e-030	6.570694e-003	1.000000e-030	1.000000e-030	1.000000e-030	1.000000e-030	1.000000e-030	1.000000e-030	1.000000e-030	1.000000e-030	
1.000000e-030	1.000000e-030	1.000000e-030	1.845661e-001	1.000000e-030	3.878066e-001	1.000000e-030	7.885279e-002	1.000000e-030	1.000000e-030	1.000000e-030	1.000000e-030	1.000000e-030	1.000000e-030	1.000000e-030	1.000000e-030	1.000000e-030	1.000000e-030	1.000000e-030	4.302750e-007	1.000000e-030	1.000000e-030	1.000000e-030	3.487741e-001	1.000000e-030	1.000000e-030	1.000000e-030	1.000000e-030	1.000000e-030	1.000000e-030	1.000000e-030	1.000000e-030	
1.000000e-030	1.000000e-030	1.000000e-030	7.980252e-002	1.000000e-030	5.467289e-002	1.000000e-030	3.781479e-001	1.000000e-030	1.000000e-030	1.000000e-030	1.000000e-030	1.000000e-030	1.000000e-030	1.000000e-030	1.000000e-030	1.000000e-030	1.000000e-030	1.000000e-030	1.000000e-030	1.000000e-030	1.000000e-030	1.000000e-030	4.873767e-001	1.000000e-030	1.000000e-030	1.000000e-030	1.000000e-030	1.000000e-030	1.000000e-030	1.000000e-030	1.000000e-030	
1.000000e-030	1.000000e-030	1.000000e-030	2.997542e-001	1.000000e-030	5.329915e-001	1.000000e-030	1.172477e-003	1.000000e-030	6.370950e-002	1.000000e-030	1.000000e-030	1.000000e-030	8.079089e-003	1.000000e-030	1.000000e-030	1.000000e-030	1.000000e-030	1.000000e-030	1.000000e-030	1.000000e-030	1.000000e-030	1.000000e-030	9.429321e-002	1.000000e-030	1.000000e-030	1.000000e-030	1.000000e-030	1.000000e-030	1.000000e-030	1.000000e-030	1.000000e-030	
1.000000e-030	9.385095e-003	1.000000e-030	9.616808e-003	2.815529e-002	8.446822e-002	1.000000e-030	2.440125e-001	1.000000e-030	5.237075e-002	1.000000e-030	1.000000e-030	9.385095e-003	8.885481e-003	9.385095e-003	1.000000e-030	1.000000e-030	2.815529e-002	1.000000e-030	1.000000e-030	4.692548e-002	1.000000e-030	1.000000e-030	3.472487e-001	1.000000e-030	1.877019e-002	1.032360e-001	1.000000e-030	1.000000e-030	1.000000e-030	1.000000e-030	1.000000e-030	
