9.114451e-001	8.855494e-002	0.000000e+000	0.000000e+000	0.000000e+000	
0.000000e+000	7.465610e-001	2.534390e-001	0.000000e+000	0.000000e+000	
0.000000e+000	0.000000e+000	9.740775e-001	2.592247e-002	0.000000e+000	
0.000000e+000	0.000000e+000	0.000000e+000	9.694986e-001	3.050142e-002	
0.000000e+000	0.000000e+000	0.000000e+000	0.000000e+000	1.000000e+000	
1.000000e-030	1.000000e-030	1.000000e-030	1.000000e-030	1.000000e-030	1.771099e-001	1.000000e-030	1.771099e-001	1.000000e-030	1.000000e-030	1.000000e-030	1.000000e-030	1.000000e-030	4.033303e-023	1.000000e-030	1.000000e-030	1.000000e-030	1.000000e-030	1.000000e-030	1.000000e-030	1.000000e-030	1.000000e-030	1.000000e-030	6.457803e-001	1.000000e-030	1.000000e-030	1.000000e-030	1.000000e-030	1.000000e-030	1.000000e-030	1.000000e-030	1.000000e-030	
1.000000e-030	1.000000e-030	1.000000e-030	1.000000e-030	1.000000e-030	5.550992e-009	1.000000e-030	8.893696e-009	1.000000e-030	1.000000e-030	1.000000e-030	1.000000e-030	1.000000e-030	2.534390e-001	1.000000e-030	1.000000e-030	1.000000e-030	2.456190e-001	1.000000e-030	1.000000e-030	1.000000e-030	1.000000e-030	1.000000e-030	5.009419e-001	1.000000e-030	1.000000e-030	1.000000e-030	1.000000e-030	1.000000e-030	1.000000e-030	1.000000e-030	1.000000e-030	
1.000000e-030	5.184495e-002	1.000000e-030	1.000000e-030	1.000000e-030	1.732500e-001	1.000000e-030	5.063649e-001	1.000000e-030	1.000000e-030	1.000000e-030	1.000000e-030	1.000000e-030	1.000000e-030	1.000000e-030	1.000000e-030	1.000000e-030	3.140920e-002	1.000000e-030	1.000000e-030	1.000000e-030	1.000000e-030	1.000000e-030	2.371309e-001	1.000000e-030	1.000000e-030	1.000000e-030	1.000000e-030	1.000000e-030	1.000000e-030	1.000000e-030	1.000000e-030	
1.000000e-030	1.000000e-030	1.000000e-030	1.000000e-030	1.000000e-030	4.014518e-002	1.000000e-030	2.872799e-001	1.000000e-030	1.126785e-025	1.000000e-030	1.000000e-030	1.000000e-030	1.000000e-030	1.000000e-030	1.000000e-030	1.000000e-030	5.548809e-002	1.000000e-030	1.000000e-030	1.000000e-030	1.000000e-030	1.000000e-030	6.170868e-001	1.000000e-030	1.000000e-030	1.000000e-030	1.000000e-030	1.000000e-030	1.000000e-030	1.000000e-030	1.000000e-030	
1.000000e-030	1.000000e-030	1.000000e-030	1.000000e-030	4.807698e-002	3.205831e-002	1.000000e-030	2.731991e-001	1.000000e-030	1.282053e-001	1.000000e-030	1.000000e-030	4.807698e-002	1.000000e-030	1.602566e-002	1.000000e-030	1.000000e-030	4.807698e-002	1.000000e-030	1.000000e-030	6.410264e-002	3.205132e-002	1.000000e-030	1.338445e-001	1.000000e-030	1.602566e-002	1.602566e-001	1.000000e-030	1.000000e-030	1.000000e-030	1.000000e-030	1.000000e-030	
