7.821519e-001	2.178481e-001	0.000000e+000	0.000000e+000	0.000000e+000	
0.000000e+000	9.046753e-001	9.532469e-002	0.000000e+000	0.000000e+000	
0.000000e+000	0.000000e+000	9.217416e-001	7.825839e-002	0.000000e+000	
0.000000e+000	0.000000e+000	0.000000e+000	9.582961e-001	4.170393e-002	
0.000000e+000	0.000000e+000	0.000000e+000	0.000000e+000	1.000000e+000	
1.000000e-030	1.000000e-030	1.000000e-030	1.000000e-030	1.000000e-030	1.262569e-003	1.000000e-030	2.175979e-001	1.000000e-030	1.000000e-030	1.000000e-030	1.000000e-030	1.000000e-030	1.000000e-030	1.000000e-030	1.000000e-030	1.000000e-030	1.000000e-030	1.000000e-030	1.000000e-030	1.000000e-030	1.000000e-030	1.000000e-030	7.811395e-001	1.000000e-030	1.000000e-030	1.000000e-030	1.000000e-030	1.000000e-030	1.000000e-030	1.000000e-030	1.000000e-030	
1.000000e-030	1.000000e-030	1.000000e-030	1.049310e-006	1.000000e-030	3.686497e-001	1.000000e-030	1.094701e-004	1.000000e-030	1.000000e-030	1.000000e-030	1.000000e-030	1.000000e-030	1.000000e-030	1.000000e-030	1.779507e-012	1.000000e-030	1.000000e-030	1.000000e-030	1.000000e-030	1.000000e-030	1.000000e-030	1.000000e-030	6.312398e-001	1.000000e-030	1.000000e-030	1.000000e-030	1.000000e-030	1.000000e-030	1.000000e-030	1.000000e-030	1.000000e-030	
1.000000e-030	1.000000e-030	1.000000e-030	7.330061e-002	1.000000e-030	1.604677e-001	1.000000e-030	1.408247e-014	1.000000e-030	1.000000e-030	1.000000e-030	1.000000e-030	1.000000e-030	1.000000e-030	1.000000e-030	6.482605e-002	1.000000e-030	1.000000e-030	1.000000e-030	1.000000e-030	1.000000e-030	9.032090e-014	1.000000e-030	7.014057e-001	1.000000e-030	1.000000e-030	1.000000e-030	1.000000e-030	1.000000e-030	1.000000e-030	1.000000e-030	1.000000e-030	
1.000000e-030	1.000000e-030	1.000000e-030	6.560784e-002	1.000000e-030	1.277906e-001	1.000000e-030	1.000000e-030	1.000000e-030	1.000000e-030	1.000000e-030	1.000000e-030	1.000000e-030	1.000000e-030	4.446967e-029	8.033186e-002	1.000000e-030	1.000000e-030	1.000000e-030	1.000000e-030	1.000000e-030	3.172673e-003	1.000000e-030	7.230970e-001	1.000000e-030	1.000000e-030	1.000000e-030	1.000000e-030	1.000000e-030	1.000000e-030	1.000000e-030	1.000000e-030	
1.000000e-030	1.029204e-002	1.000000e-030	3.592087e-002	1.029204e-002	1.339219e-001	1.000000e-030	3.087613e-002	1.000000e-030	1.029204e-002	1.000000e-030	1.000000e-030	5.146021e-002	1.000000e-030	9.262838e-002	2.310974e-002	1.000000e-030	2.058408e-002	1.029204e-002	1.000000e-030	6.175225e-002	3.009315e-002	1.000000e-030	4.579010e-001	1.000000e-030	1.000000e-030	1.000000e-030	1.000000e-030	1.000000e-030	1.000000e-030	2.058408e-002	1.000000e-030	
