8.958563e-001	1.041437e-001	0.000000e+000	0.000000e+000	0.000000e+000	
0.000000e+000	8.768309e-001	1.231691e-001	0.000000e+000	0.000000e+000	
0.000000e+000	0.000000e+000	7.078273e-001	2.921727e-001	0.000000e+000	
0.000000e+000	0.000000e+000	0.000000e+000	9.300474e-001	6.995260e-002	
0.000000e+000	0.000000e+000	0.000000e+000	0.000000e+000	1.000000e+000	
1.000000e-030	1.000000e-030	1.000000e-030	1.000000e-030	1.000000e-030	1.000000e-030	1.000000e-030	1.000000e-030	1.000000e-030	1.000000e-030	1.000000e-030	1.000000e-030	1.000000e-030	1.000000e-030	1.000000e-030	3.124309e-001	1.000000e-030	2.392654e-011	1.000000e-030	1.000000e-030	1.000000e-030	1.000000e-030	1.000000e-030	6.875691e-001	1.000000e-030	1.000000e-030	1.000000e-030	1.000000e-030	1.000000e-030	1.000000e-030	1.000000e-030	1.000000e-030	
1.000000e-030	1.000000e-030	1.000000e-030	1.000000e-030	1.000000e-030	1.000000e-030	1.000000e-030	2.463125e-001	1.000000e-030	1.247174e-010	1.000000e-030	1.000000e-030	1.000000e-030	1.000000e-030	1.000000e-030	2.624198e-008	1.000000e-030	2.349848e-001	1.000000e-030	1.000000e-030	1.000000e-030	1.000000e-030	1.000000e-030	5.187027e-001	1.000000e-030	1.000000e-030	1.000000e-030	1.000000e-030	1.000000e-030	1.000000e-030	1.000000e-030	1.000000e-030	
1.000000e-030	1.000000e-030	1.000000e-030	4.896797e-003	1.000000e-030	1.000000e-030	1.000000e-030	6.080946e-005	1.000000e-030	2.921723e-001	1.000000e-030	1.000000e-030	1.000000e-030	1.000000e-030	1.000000e-030	1.000000e-030	1.000000e-030	2.693171e-002	1.000000e-030	1.000000e-030	1.000000e-030	6.579926e-018	1.000000e-030	6.759384e-001	1.000000e-030	1.000000e-030	1.000000e-030	1.000000e-030	1.000000e-030	1.000000e-030	1.000000e-030	1.000000e-030	
1.000000e-030	1.000000e-030	1.000000e-030	6.878013e-002	1.000000e-030	1.395646e-001	1.000000e-030	1.000000e-030	1.000000e-030	9.048340e-008	1.000000e-030	1.000000e-030	1.000000e-030	1.000000e-030	1.000000e-030	1.764100e-013	1.000000e-030	1.000000e-030	1.000000e-030	6.995003e-002	1.000000e-030	1.394082e-001	1.000000e-030	4.424515e-001	1.000000e-030	1.000000e-030	1.000000e-030	1.000000e-030	1.000000e-030	1.000000e-030	1.000000e-030	1.398456e-001	
1.000000e-030	1.000000e-030	1.000000e-030	1.761170e-002	8.805845e-003	5.287795e-002	1.000000e-030	1.000000e-030	1.000000e-030	1.000000e-030	1.000000e-030	1.000000e-030	2.641754e-002	1.000000e-030	5.283507e-002	3.082046e-001	8.805845e-003	1.000000e-030	8.805845e-003	8.806168e-003	2.641754e-002	1.767426e-002	1.000000e-030	2.690015e-001	1.000000e-030	3.522338e-002	4.402923e-002	1.000000e-030	1.000000e-030	8.805845e-003	8.805845e-003	9.687181e-002	
