8.950067e-001	1.049933e-001	0.000000e+000	0.000000e+000	0.000000e+000	
0.000000e+000	8.877698e-001	1.122302e-001	0.000000e+000	0.000000e+000	
0.000000e+000	0.000000e+000	9.628069e-001	3.719311e-002	0.000000e+000	
0.000000e+000	0.000000e+000	0.000000e+000	9.691312e-001	3.086885e-002	
0.000000e+000	0.000000e+000	0.000000e+000	0.000000e+000	1.000000e+000	
1.000000e-030	1.108393e-008	1.000000e-030	1.000000e-030	1.000000e-030	1.000000e-030	1.000000e-030	1.000000e+000	1.000000e-030	1.000000e-030	1.000000e-030	1.000000e-030	1.000000e-030	1.000000e-030	1.000000e-030	1.000000e-030	1.000000e-030	1.000000e-030	1.000000e-030	1.000000e-030	1.000000e-030	1.000000e-030	1.000000e-030	1.000000e-030	1.000000e-030	1.000000e-030	1.000000e-030	1.000000e-030	1.000000e-030	1.000000e-030	1.000000e-030	1.000000e-030	
1.000000e-030	5.168169e-003	1.000000e-030	1.000000e-030	1.000000e-030	1.000000e-030	1.000000e-030	9.948318e-001	1.000000e-030	1.000000e-030	1.000000e-030	1.000000e-030	1.000000e-030	1.000000e-030	1.000000e-030	1.000000e-030	1.000000e-030	1.000000e-030	1.000000e-030	1.000000e-030	1.000000e-030	1.000000e-030	1.000000e-030	1.000000e-030	1.000000e-030	1.000000e-030	1.000000e-030	1.000000e-030	1.000000e-030	1.000000e-030	1.000000e-030	1.000000e-030	
1.000000e-030	1.551637e-001	1.000000e-030	8.969594e-008	1.000000e-030	1.000000e-030	1.000000e-030	8.448362e-001	1.000000e-030	1.000000e-030	1.000000e-030	1.000000e-030	1.000000e-030	1.000000e-030	1.000000e-030	1.000000e-030	1.000000e-030	1.000000e-030	1.000000e-030	1.000000e-030	1.000000e-030	1.000000e-030	1.000000e-030	1.000000e-030	1.000000e-030	1.000000e-030	1.000000e-030	1.000000e-030	1.000000e-030	1.000000e-030	1.000000e-030	1.000000e-030	
1.000000e-030	8.290612e-002	1.000000e-030	3.086877e-002	1.000000e-030	1.000000e-030	1.000000e-030	8.862251e-001	1.000000e-030	1.000000e-030	1.000000e-030	1.000000e-030	1.000000e-030	1.000000e-030	1.000000e-030	1.000000e-030	1.000000e-030	1.000000e-030	1.281236e-008	1.000000e-030	1.000000e-030	1.000000e-030	1.000000e-030	1.000000e-030	1.000000e-030	1.000000e-030	1.000000e-030	1.000000e-030	1.000000e-030	1.000000e-030	1.000000e-030	1.000000e-030	
1.000000e-030	1.135797e-001	1.000000e-030	5.172115e-016	4.208547e-002	1.000000e-030	1.000000e-030	4.234802e-001	1.000000e-030	7.014245e-002	2.805698e-002	1.000000e-030	5.611396e-002	1.000000e-030	1.000000e-030	1.000000e-030	1.000000e-030	1.000000e-030	1.402848e-002	1.000000e-030	8.417094e-002	1.000000e-030	1.000000e-030	1.000000e-030	1.000000e-030	7.014245e-002	9.819943e-002	1.000000e-030	1.000000e-030	1.000000e-030	1.000000e-030	1.000000e-030	
