6.656189e-001	3.343811e-001	0.000000e+000	0.000000e+000	0.000000e+000	
0.000000e+000	8.654936e-001	1.345064e-001	0.000000e+000	0.000000e+000	
0.000000e+000	0.000000e+000	7.817486e-001	2.182514e-001	0.000000e+000	
0.000000e+000	0.000000e+000	0.000000e+000	9.285731e-001	7.142689e-002	
0.000000e+000	0.000000e+000	0.000000e+000	0.000000e+000	1.000000e+000	
1.000000e-030	1.000000e-030	1.000000e-030	1.000000e-030	1.000000e-030	1.550691e-009	1.000000e-030	6.616274e-001	1.000000e-030	1.000000e-030	1.000000e-030	3.991510e-003	1.000000e-030	1.000000e-030	1.000000e-030	1.000000e-030	1.000000e-030	3.343811e-001	1.000000e-030	1.000000e-030	1.000000e-030	1.000000e-030	1.000000e-030	1.000000e-030	1.000000e-030	1.000000e-030	1.000000e-030	1.000000e-030	1.000000e-030	1.000000e-030	1.000000e-030	1.000000e-030	
1.000000e-030	1.000000e-030	1.000000e-030	1.000000e-030	1.000000e-030	1.860051e-001	1.000000e-030	6.531588e-003	1.000000e-030	1.000000e-030	1.000000e-030	4.041193e-001	1.000000e-030	1.000000e-030	1.000000e-030	1.000000e-030	1.000000e-030	1.000000e-030	1.000000e-030	1.000000e-030	4.033440e-001	1.000000e-030	1.000000e-030	3.843936e-030	1.000000e-030	1.000000e-030	1.000000e-030	1.000000e-030	1.000000e-030	1.000000e-030	1.000000e-030	1.000000e-030	
1.000000e-030	1.000000e-030	1.000000e-030	1.000000e-030	1.000000e-030	3.560743e-001	1.000000e-030	4.274947e-001	1.000000e-030	1.000000e-030	1.000000e-030	2.146725e-001	1.000000e-030	1.000000e-030	1.000000e-030	1.000000e-030	1.000000e-030	1.000000e-030	1.000000e-030	1.000000e-030	2.844246e-004	1.000000e-030	1.000000e-030	1.474145e-003	1.000000e-030	1.000000e-030	1.000000e-030	1.000000e-030	1.000000e-030	1.000000e-030	1.000000e-030	1.000000e-030	
1.000000e-030	3.388907e-002	1.000000e-030	1.000000e-030	1.000000e-030	2.812327e-001	1.000000e-030	4.139280e-001	1.000000e-030	1.000000e-030	1.000000e-030	3.719181e-008	1.000000e-030	1.000000e-030	1.000000e-030	1.000000e-030	1.000000e-030	1.685588e-011	1.000000e-030	1.000000e-030	1.000000e-030	1.000000e-030	1.000000e-030	2.709502e-001	1.000000e-030	1.000000e-030	1.000000e-030	1.000000e-030	1.000000e-030	1.000000e-030	1.000000e-030	1.000000e-030	
8.333847e-003	4.604902e-002	1.000000e-030	4.166923e-002	1.000000e-030	2.540398e-002	1.000000e-030	4.601860e-001	2.500154e-002	1.000000e-030	1.000000e-030	1.000000e-030	1.000000e-030	1.000000e-030	4.166923e-002	1.000000e-030	1.666769e-002	5.833693e-002	1.000000e-030	8.333847e-003	2.500154e-002	1.666769e-002	1.000000e-030	1.433409e-001	1.000000e-030	3.333539e-002	1.666769e-002	1.000000e-030	1.666769e-002	1.000000e-030	1.666769e-002	1.000000e-030	
