8.333199e-001	1.666801e-001	0.000000e+000	0.000000e+000	0.000000e+000	
0.000000e+000	8.064676e-001	1.935324e-001	0.000000e+000	0.000000e+000	
0.000000e+000	0.000000e+000	8.668257e-001	1.331743e-001	0.000000e+000	
0.000000e+000	0.000000e+000	0.000000e+000	9.638697e-001	3.613026e-002	
0.000000e+000	0.000000e+000	0.000000e+000	0.000000e+000	1.000000e+000	
1.000000e-030	1.000000e-030	1.000000e-030	1.000000e-030	1.000000e-030	1.000000e-030	1.000000e-030	1.000000e-030	1.000000e-030	1.000000e-030	1.000000e-030	1.000000e-030	1.000000e-030	1.000000e-030	1.000000e-030	4.857773e-009	1.000000e-030	1.000000e-030	1.000000e-030	1.666797e-001	1.000000e-030	1.000000e-030	1.000000e-030	8.333203e-001	1.000000e-030	1.000000e-030	1.000000e-030	1.000000e-030	1.000000e-030	1.000000e-030	1.000000e-030	1.000000e-030	
1.000000e-030	1.000000e-030	1.000000e-030	1.000000e-030	1.000000e-030	5.265347e-001	1.000000e-030	1.000000e-030	1.000000e-030	1.000000e-030	1.000000e-030	1.000000e-030	1.000000e-030	1.000000e-030	1.000000e-030	4.732797e-001	1.000000e-030	1.000000e-030	1.000000e-030	9.931562e-012	1.000000e-030	1.000000e-030	1.000000e-030	1.855541e-004	1.000000e-030	1.000000e-030	1.000000e-030	1.000000e-030	1.000000e-030	1.000000e-030	1.000000e-030	1.000000e-030	
1.000000e-030	1.000000e-030	1.000000e-030	1.000000e-030	1.000000e-030	1.674835e-001	1.000000e-030	1.000000e-030	1.000000e-030	1.000000e-030	1.000000e-030	1.000000e-030	1.000000e-030	1.000000e-030	1.000000e-030	3.419595e-001	1.000000e-030	1.000000e-030	1.000000e-030	1.326947e-001	1.000000e-030	1.000000e-030	1.000000e-030	3.577567e-001	1.000000e-030	1.000000e-030	1.000000e-030	1.000000e-030	1.000000e-030	1.000000e-030	1.000000e-030	1.056373e-004	
1.000000e-030	1.000000e-030	1.000000e-030	7.226052e-002	1.000000e-030	7.571257e-003	1.000000e-030	1.000000e-030	1.000000e-030	1.000000e-030	1.000000e-030	1.000000e-030	1.000000e-030	1.000000e-030	1.000000e-030	1.466419e-001	1.000000e-030	1.000000e-030	1.000000e-030	3.626046e-002	1.000000e-030	1.206620e-012	1.000000e-030	6.650340e-001	1.000000e-030	1.000000e-030	1.000000e-030	1.000000e-030	1.000000e-030	1.000000e-030	1.000000e-030	7.223186e-002	
1.000000e-030	1.000000e-030	1.000000e-030	1.000000e-030	2.922643e-002	8.584939e-002	1.000000e-030	1.000000e-030	1.000000e-030	1.000000e-030	1.000000e-030	1.000000e-030	2.922643e-002	9.742145e-003	5.845287e-002	7.723630e-002	1.000000e-030	9.742145e-003	1.000000e-030	1.000000e-030	2.922643e-002	9.742145e-003	1.000000e-030	5.251657e-001	1.000000e-030	4.871072e-002	6.819501e-002	1.000000e-030	1.000000e-030	1.000000e-030	1.948429e-002	5.809810e-021	
