8.619591e-001	1.380409e-001	0.000000e+000	0.000000e+000	0.000000e+000	
0.000000e+000	8.478892e-001	1.521108e-001	0.000000e+000	0.000000e+000	
0.000000e+000	0.000000e+000	9.251003e-001	7.489974e-002	0.000000e+000	
0.000000e+000	0.000000e+000	0.000000e+000	9.662602e-001	3.373981e-002	
0.000000e+000	0.000000e+000	0.000000e+000	0.000000e+000	1.000000e+000	
1.000000e-030	1.000000e-030	1.000000e-030	1.000000e-030	1.000000e-030	1.000000e-030	1.000000e-030	1.000000e-030	1.000000e-030	1.000000e-030	1.000000e-030	1.000000e-030	1.000000e-030	1.000000e-030	1.000000e-030	6.051519e-001	1.000000e-030	1.000000e-030	1.000000e-030	1.000000e-030	1.000000e-030	1.000000e-030	1.000000e-030	3.948118e-001	1.000000e-030	1.000000e-030	1.000000e-030	1.000000e-030	1.000000e-030	1.000000e-030	1.000000e-030	3.633977e-005	
1.000000e-030	1.000000e-030	1.000000e-030	1.000000e-030	1.000000e-030	1.105461e-012	1.000000e-030	1.000000e-030	1.000000e-030	1.000000e-030	1.000000e-030	1.000000e-030	1.000000e-030	1.000000e-030	1.000000e-030	5.988035e-001	1.000000e-030	1.000000e-030	1.000000e-030	1.000000e-030	1.000000e-030	1.000000e-030	1.000000e-030	9.703137e-002	1.000000e-030	1.000000e-030	1.000000e-030	1.000000e-030	1.000000e-030	1.000000e-030	1.000000e-030	3.041651e-001	
1.000000e-030	1.000000e-030	1.000000e-030	1.000000e-030	1.000000e-030	7.489974e-002	1.000000e-030	1.000000e-030	1.000000e-030	1.000000e-030	1.000000e-030	1.000000e-030	1.000000e-030	1.786283e-002	1.000000e-030	4.112153e-001	1.000000e-030	1.000000e-030	1.000000e-030	1.000000e-030	1.000000e-030	1.351572e-011	1.000000e-030	4.960140e-001	1.000000e-030	1.000000e-030	1.000000e-030	1.000000e-030	1.000000e-030	1.000000e-030	1.000000e-030	8.092818e-006	
1.000000e-030	1.000000e-030	1.000000e-030	1.685082e-001	1.000000e-030	1.000000e-030	1.000000e-030	1.000000e-030	1.000000e-030	1.000000e-030	1.000000e-030	1.000000e-030	1.000000e-030	5.943301e-002	1.000000e-030	7.382224e-002	1.000000e-030	1.000000e-030	1.000000e-030	2.604959e-027	1.000000e-030	1.012194e-001	1.000000e-030	3.670556e-001	1.000000e-030	1.000000e-030	1.000000e-030	1.000000e-030	1.000000e-030	1.000000e-030	1.000000e-030	2.299616e-001	
1.000000e-030	1.084695e-002	1.000000e-030	2.175524e-002	1.084695e-002	8.677556e-002	1.000000e-030	1.000000e-030	1.000000e-030	1.000000e-030	1.000000e-030	1.000000e-030	5.423473e-002	1.000000e-030	3.254084e-002	1.084837e-001	1.000000e-030	1.084695e-002	1.000000e-030	2.169389e-002	4.338778e-002	6.508167e-002	1.000000e-030	2.820272e-001	1.000000e-030	9.762251e-002	7.592862e-002	1.000000e-030	1.000000e-030	1.084695e-002	3.254084e-002	3.453956e-002	
