8.856114e-001	1.143886e-001	0.000000e+000	0.000000e+000	0.000000e+000	
0.000000e+000	9.340084e-001	6.599159e-002	0.000000e+000	0.000000e+000	
0.000000e+000	0.000000e+000	8.766106e-001	1.233894e-001	0.000000e+000	
0.000000e+000	0.000000e+000	0.000000e+000	8.735696e-001	1.264304e-001	
0.000000e+000	0.000000e+000	0.000000e+000	0.000000e+000	1.000000e+000	
1.000000e-030	1.000000e-030	1.000000e-030	1.000000e-030	1.000000e-030	1.143886e-001	1.000000e-030	1.000000e-030	1.000000e-030	1.000000e-030	1.000000e-030	1.000000e-030	1.000000e-030	1.000000e-030	1.000000e-030	1.143886e-001	1.000000e-030	1.000000e-030	1.000000e-030	1.000000e-030	1.000000e-030	1.000000e-030	1.000000e-030	7.712229e-001	1.000000e-030	1.000000e-030	1.000000e-030	1.000000e-030	1.000000e-030	1.000000e-030	1.000000e-030	1.000000e-030	
1.000000e-030	1.000000e-030	1.000000e-030	6.599159e-002	1.000000e-030	1.000000e-030	1.000000e-030	1.000000e-030	1.000000e-030	1.000000e-030	1.000000e-030	1.000000e-030	1.000000e-030	1.000000e-030	1.000000e-030	1.319832e-001	1.000000e-030	1.000000e-030	1.000000e-030	1.000000e-030	1.000000e-030	1.000000e-030	1.000000e-030	6.040504e-001	1.000000e-030	1.000000e-030	1.000000e-030	1.000000e-030	1.000000e-030	1.000000e-030	1.000000e-030	1.979748e-001	
1.000000e-030	1.000000e-030	1.000000e-030	1.233894e-001	1.000000e-030	1.233894e-001	1.000000e-030	1.000000e-030	1.000000e-030	1.000000e-030	1.000000e-030	1.000000e-030	1.000000e-030	1.000000e-030	1.000000e-030	1.000000e-030	1.000000e-030	1.000000e-030	1.000000e-030	1.000000e-030	1.000000e-030	1.264870e-013	1.000000e-030	7.532212e-001	1.000000e-030	1.000000e-030	1.000000e-030	1.000000e-030	1.000000e-030	1.000000e-030	1.000000e-030	1.000000e-030	
1.000000e-030	1.000000e-030	1.000000e-030	1.000000e-030	1.000000e-030	1.000000e-030	1.000000e-030	1.000000e-030	1.000000e-030	1.149873e-001	1.000000e-030	1.000000e-030	1.000000e-030	1.000000e-030	1.000000e-030	1.000000e-030	1.000000e-030	1.000000e-030	1.000000e-030	1.000000e-030	1.000000e-030	1.264304e-001	1.000000e-030	1.000000e-030	1.000000e-030	7.585823e-001	1.000000e-030	1.000000e-030	1.000000e-030	1.000000e-030	1.000000e-030	1.000000e-030	
1.000000e-030	1.833340e-002	1.000000e-030	1.000000e-030	1.000000e-030	6.416690e-002	1.833340e-002	9.166700e-003	1.000000e-030	9.996372e-003	1.000000e-030	1.000000e-030	3.666680e-002	4.583350e-002	1.000000e-030	5.500020e-002	1.000000e-030	3.666680e-002	1.000000e-030	9.166700e-003	9.166700e-003	1.833340e-002	1.000000e-030	4.858351e-001	1.000000e-030	1.000000e-030	1.100004e-001	1.000000e-030	1.000000e-030	4.583350e-002	1.000000e-030	2.750010e-002	
