9.117140e-001	8.828596e-002	0.000000e+000	0.000000e+000	0.000000e+000	
0.000000e+000	9.121989e-001	8.780113e-002	0.000000e+000	0.000000e+000	
0.000000e+000	0.000000e+000	9.179132e-001	8.208676e-002	0.000000e+000	
0.000000e+000	0.000000e+000	0.000000e+000	9.329642e-001	6.703579e-002	
0.000000e+000	0.000000e+000	0.000000e+000	0.000000e+000	1.000000e+000	
1.000000e-030	1.000000e-030	1.000000e-030	1.000000e-030	1.000000e-030	9.088305e-002	1.000000e-030	4.658688e-001	1.000000e-030	1.000000e-030	1.000000e-030	1.000000e-030	1.000000e-030	1.000000e-030	1.000000e-030	1.000000e-030	1.000000e-030	1.000000e-030	1.000000e-030	1.000000e-030	1.000000e-030	1.000000e-030	1.000000e-030	4.432482e-001	1.000000e-030	1.000000e-030	1.000000e-030	1.000000e-030	1.000000e-030	1.000000e-030	1.000000e-030	1.000000e-030	
1.000000e-030	1.000000e-030	1.000000e-030	1.000000e-030	1.000000e-030	3.748785e-001	1.000000e-030	2.599150e-001	1.000000e-030	1.000000e-030	1.000000e-030	1.000000e-030	1.000000e-030	1.000000e-030	1.000000e-030	1.000000e-030	1.000000e-030	1.000000e-030	1.000000e-030	1.000000e-030	1.000000e-030	1.000000e-030	1.000000e-030	3.652066e-001	1.000000e-030	1.000000e-030	1.000000e-030	1.000000e-030	1.000000e-030	1.000000e-030	1.000000e-030	1.000000e-030	
1.000000e-030	1.000000e-030	1.000000e-030	1.000000e-030	1.000000e-030	2.903686e-001	1.000000e-030	2.612204e-001	1.000000e-030	1.000000e-030	1.000000e-030	1.000000e-030	1.000000e-030	1.000000e-030	1.000000e-030	1.000000e-030	1.000000e-030	1.000000e-030	1.000000e-030	4.597204e-003	1.000000e-030	1.000000e-030	1.000000e-030	4.438138e-001	1.000000e-030	1.000000e-030	1.000000e-030	1.000000e-030	1.000000e-030	1.000000e-030	1.000000e-030	1.000000e-030	
1.000000e-030	1.000000e-030	1.000000e-030	2.275116e-001	1.000000e-030	7.717273e-002	1.000000e-030	2.278163e-001	1.000000e-030	1.000000e-030	1.000000e-030	1.000000e-030	1.000000e-030	3.249045e-004	1.000000e-030	1.000000e-030	1.000000e-030	6.665211e-002	1.000000e-030	6.328150e-002	1.000000e-030	1.000000e-030	1.000000e-030	3.372408e-001	1.000000e-030	1.000000e-030	1.000000e-030	1.000000e-030	1.000000e-030	1.000000e-030	1.000000e-030	1.000000e-030	
1.000000e-030	1.000000e-030	1.000000e-030	6.660455e-002	1.008226e-002	4.045401e-002	1.000000e-030	1.429890e-001	1.000000e-030	1.109048e-001	1.000000e-030	1.000000e-030	5.041128e-002	3.019790e-002	1.000000e-030	1.008226e-002	1.000000e-030	1.013996e-002	1.000000e-030	1.000000e-030	7.057579e-002	1.008226e-002	1.000000e-030	3.365712e-001	1.000000e-030	1.000000e-030	1.109048e-001	1.000000e-030	1.000000e-030	1.000000e-030	1.000000e-030	1.000000e-030	
