9.166623e-001	8.333765e-002	0.000000e+000	0.000000e+000	0.000000e+000	
0.000000e+000	4.996353e-001	5.003647e-001	0.000000e+000	0.000000e+000	
0.000000e+000	0.000000e+000	7.212011e-001	2.787989e-001	0.000000e+000	
0.000000e+000	0.000000e+000	0.000000e+000	9.750408e-001	2.495915e-002	
0.000000e+000	0.000000e+000	0.000000e+000	0.000000e+000	1.000000e+000	
1.000000e-030	1.000000e-030	1.000000e-030	1.000000e-030	1.000000e-030	4.309171e-020	1.000000e-030	1.000000e-030	1.000000e-030	1.000000e-030	1.000000e-030	1.000000e-030	1.000000e-030	1.000000e-030	1.000000e-030	4.166364e-001	1.000000e-030	1.000000e-030	1.000000e-030	1.000000e-030	1.000000e-030	1.000000e-030	1.000000e-030	5.833636e-001	1.000000e-030	1.000000e-030	1.000000e-030	1.000000e-030	1.000000e-030	1.000000e-030	1.000000e-030	1.000000e-030	
1.000000e-030	1.000000e-030	1.000000e-030	1.000000e-030	1.000000e-030	9.996878e-001	1.000000e-030	1.000000e-030	1.000000e-030	1.000000e-030	1.000000e-030	1.000000e-030	1.000000e-030	1.000000e-030	1.000000e-030	3.110343e-004	1.000000e-030	1.000000e-030	1.000000e-030	1.000000e-030	1.000000e-030	1.000000e-030	1.000000e-030	1.188228e-006	1.000000e-030	1.000000e-030	1.000000e-030	1.000000e-030	1.000000e-030	1.000000e-030	1.000000e-030	1.000000e-030	
1.000000e-030	1.000000e-030	1.000000e-030	1.000000e-030	1.000000e-030	9.262362e-004	1.000000e-030	1.000000e-030	1.000000e-030	1.000000e-030	1.000000e-030	1.000000e-030	1.000000e-030	1.000000e-030	1.000000e-030	1.000000e-030	1.000000e-030	1.000000e-030	1.000000e-030	1.000000e-030	1.000000e-030	2.787989e-001	1.000000e-030	7.202749e-001	1.000000e-030	1.000000e-030	1.000000e-030	1.000000e-030	1.000000e-030	1.000000e-030	1.000000e-030	1.000000e-030	
1.000000e-030	1.000000e-030	1.000000e-030	1.563081e-003	1.000000e-030	7.484485e-002	1.000000e-030	1.000000e-030	1.000000e-030	1.000000e-030	1.000000e-030	1.000000e-030	1.000000e-030	1.000000e-030	1.000000e-030	9.941071e-002	1.000000e-030	1.000000e-030	1.000000e-030	1.000000e-030	1.000000e-030	1.742363e-029	1.000000e-030	7.992222e-001	1.000000e-030	1.000000e-030	1.000000e-030	1.000000e-030	1.000000e-030	1.000000e-030	1.000000e-030	2.495914e-002	
1.000000e-030	1.000000e-030	1.000000e-030	3.215524e-002	1.000000e-030	8.757617e-002	1.000000e-030	1.000000e-030	1.000000e-030	1.094693e-002	1.000000e-030	3.284080e-002	2.189386e-002	1.000000e-030	3.284080e-002	1.113373e-002	1.094693e-002	1.000000e-030	1.000000e-030	6.568159e-002	3.284080e-002	1.094693e-002	1.000000e-030	5.297800e-001	1.000000e-030	1.000000e-030	3.284080e-002	1.000000e-030	1.094693e-002	1.094693e-002	5.473466e-002	1.094694e-002	
