8.739048e-001	1.260952e-001	0.000000e+000	0.000000e+000	0.000000e+000	
0.000000e+000	8.962719e-001	1.037281e-001	0.000000e+000	0.000000e+000	
0.000000e+000	0.000000e+000	7.515457e-001	2.484543e-001	0.000000e+000	
0.000000e+000	0.000000e+000	0.000000e+000	9.690993e-001	3.090067e-002	
0.000000e+000	0.000000e+000	0.000000e+000	0.000000e+000	1.000000e+000	
1.000000e-030	1.000000e-030	1.000000e-030	1.000000e-030	1.000000e-030	1.000000e-030	1.000000e-030	4.956197e-001	1.000000e-030	1.000000e-030	1.000000e-030	1.000000e-030	1.000000e-030	1.000000e-030	1.000000e-030	1.000000e-030	1.000000e-030	1.000000e-030	1.000000e-030	1.000000e-030	1.000000e-030	1.000000e-030	1.000000e-030	5.043803e-001	1.000000e-030	1.000000e-030	1.000000e-030	1.000000e-030	1.000000e-030	1.000000e-030	1.000000e-030	1.000000e-030	
1.000000e-030	1.000000e-030	1.000000e-030	1.000000e-030	1.000000e-030	1.000000e-030	1.000000e-030	9.999917e-001	1.000000e-030	1.000000e-030	1.000000e-030	1.000000e-030	1.000000e-030	8.221084e-006	1.000000e-030	1.000000e-030	1.000000e-030	1.000000e-030	1.000000e-030	1.000000e-030	1.000000e-030	1.000000e-030	1.000000e-030	4.273724e-008	1.000000e-030	1.000000e-030	1.000000e-030	1.000000e-030	1.000000e-030	1.000000e-030	1.000000e-030	1.000000e-030	
1.000000e-030	1.000000e-030	1.000000e-030	1.000000e-030	1.000000e-030	1.000000e-030	1.000000e-030	3.550330e-001	1.000000e-030	1.000000e-030	1.000000e-030	1.000000e-030	1.000000e-030	2.484346e-001	1.000000e-030	1.000000e-030	1.000000e-030	1.000000e-030	1.000000e-030	1.000000e-030	1.000000e-030	1.000000e-030	1.000000e-030	3.965324e-001	1.000000e-030	1.000000e-030	1.000000e-030	1.000000e-030	1.000000e-030	1.000000e-030	1.000000e-030	1.000000e-030	
1.000000e-030	1.000000e-030	1.000000e-030	1.903313e-009	1.000000e-030	3.090067e-002	1.000000e-030	4.200811e-008	1.000000e-030	1.000000e-030	1.000000e-030	1.000000e-030	1.000000e-030	1.000000e-030	1.000000e-030	9.270202e-002	1.000000e-030	1.000000e-030	1.000000e-030	1.000000e-030	1.000000e-030	1.000000e-030	1.000000e-030	8.145959e-001	1.000000e-030	1.000000e-030	1.000000e-030	1.000000e-030	1.000000e-030	1.000000e-030	1.000000e-030	6.180135e-002	
1.000000e-030	5.260818e-002	1.052164e-002	1.052164e-001	1.000000e-030	6.312982e-002	1.000000e-030	3.051274e-001	1.000000e-030	1.000000e-030	1.000000e-030	1.000000e-030	2.104327e-002	1.000000e-030	4.208654e-002	1.000000e-030	1.052164e-002	1.052164e-002	1.000000e-030	1.000000e-030	2.419976e-001	1.052164e-002	1.000000e-030	3.200950e-002	1.000000e-030	1.000000e-030	2.104327e-002	1.000000e-030	2.104327e-002	1.000000e-030	5.260818e-002	1.000000e-030	
