6.218546e-001	3.781454e-001	0.000000e+000	0.000000e+000	0.000000e+000	
0.000000e+000	9.355865e-001	6.441347e-002	0.000000e+000	0.000000e+000	
0.000000e+000	0.000000e+000	9.446554e-001	5.534457e-002	0.000000e+000	
0.000000e+000	0.000000e+000	0.000000e+000	9.796187e-001	2.038132e-002	
0.000000e+000	0.000000e+000	0.000000e+000	0.000000e+000	1.000000e+000	
1.000000e-030	1.000000e-030	1.000000e-030	1.000000e-030	1.000000e-030	1.000000e-030	1.000000e-030	1.000000e+000	1.000000e-030	1.000000e-030	1.000000e-030	1.000000e-030	1.000000e-030	1.000000e-030	1.000000e-030	1.000000e-030	1.000000e-030	1.000000e-030	1.000000e-030	1.000000e-030	1.000000e-030	1.000000e-030	1.000000e-030	4.618840e-008	1.000000e-030	1.000000e-030	1.000000e-030	1.000000e-030	1.000000e-030	1.000000e-030	1.000000e-030	1.000000e-030	
1.000000e-030	1.000000e-030	1.000000e-030	1.000000e-030	1.000000e-030	1.076960e-001	1.000000e-030	2.003944e-001	1.000000e-030	1.000000e-030	1.000000e-030	1.000000e-030	1.000000e-030	1.000000e-030	1.000000e-030	1.000000e-030	1.000000e-030	2.560091e-023	1.000000e-030	1.000000e-030	1.000000e-030	1.000000e-030	1.000000e-030	6.919096e-001	1.000000e-030	1.000000e-030	1.000000e-030	1.000000e-030	1.000000e-030	1.000000e-030	1.000000e-030	1.000000e-030	
1.000000e-030	1.000000e-030	1.000000e-030	1.000000e-030	1.000000e-030	1.309589e-001	1.000000e-030	3.189958e-001	1.000000e-030	1.000000e-030	1.000000e-030	1.000000e-030	1.000000e-030	1.000000e-030	1.000000e-030	1.000000e-030	1.000000e-030	8.341926e-004	1.000000e-030	1.000000e-030	1.000000e-030	1.000000e-030	1.000000e-030	5.492112e-001	1.000000e-030	1.000000e-030	1.000000e-030	1.000000e-030	1.000000e-030	1.000000e-030	1.000000e-030	1.000000e-030	
1.000000e-030	1.000000e-030	1.000000e-030	5.218667e-012	1.000000e-030	1.011281e-001	1.000000e-030	2.633856e-001	1.000000e-030	1.000000e-030	1.000000e-030	1.000000e-030	1.000000e-030	1.000000e-030	1.000000e-030	1.000000e-030	1.000000e-030	4.045543e-002	1.000000e-030	2.038132e-002	1.000000e-030	1.000000e-030	1.000000e-030	5.746495e-001	1.000000e-030	1.000000e-030	1.000000e-030	1.000000e-030	1.000000e-030	1.000000e-030	1.000000e-030	1.000000e-030	
1.000000e-030	1.000000e-030	1.000000e-030	1.569917e-002	3.139833e-002	3.139833e-002	1.000000e-030	2.599428e-001	1.000000e-030	4.709750e-002	1.000000e-030	1.000000e-030	6.279666e-002	1.000000e-030	1.569917e-002	1.000000e-030	1.000000e-030	4.709750e-002	1.000000e-030	3.139833e-002	7.849583e-002	1.000000e-030	1.000000e-030	1.120906e-001	1.000000e-030	6.279666e-002	2.040892e-001	1.000000e-030	1.000000e-030	1.000000e-030	1.000000e-030	1.000000e-030	
