8.848967e-001 1.151033e-001 0.000000e+000 0.000000e+000 0.000000e+000 
0.000000e+000 6.980727e-001 3.019273e-001 0.000000e+000 0.000000e+000 
0.000000e+000 0.000000e+000 2.071035e-004 9.997929e-001 0.000000e+000 
0.000000e+000 0.000000e+000 0.000000e+000 9.686771e-001 3.132289e-002 
0.000000e+000 0.000000e+000 0.000000e+000 0.000000e+000 1.000000e+000 
1.000000e-030 8.632256e-001 1.000000e-030 1.000000e-030 1.000000e-030 1.000000e-030 1.000000e-030 1.367744e-001 1.000000e-030 1.000000e-030 1.000000e-030 1.000000e-030 1.000000e-030 1.000000e-030 1.000000e-030 1.000000e-030 1.000000e-030 1.000000e-030 1.000000e-030 1.000000e-030 1.000000e-030 1.000000e-030 1.000000e-030 1.000000e-030 1.000000e-030 1.000000e-030 1.000000e-030 1.000000e-030 1.000000e-030 1.000000e-030 1.000000e-030 1.000000e-030 
1.000000e-030 7.549182e-001 1.000000e-030 1.000000e-030 1.000000e-030 1.354756e-009 1.000000e-030 2.450818e-001 1.000000e-030 1.000000e-030 1.000000e-030 1.000000e-030 1.000000e-030 1.000000e-030 1.000000e-030 1.000000e-030 1.000000e-030 1.000000e-030 1.000000e-030 1.000000e-030 1.000000e-030 1.000000e-030 1.000000e-030 1.000000e-030 1.000000e-030 1.000000e-030 1.000000e-030 1.000000e-030 1.000000e-030 1.000000e-030 1.000000e-030 1.000000e-030 
1.000000e-030 2.071080e-004 1.000000e-030 1.000000e-030 1.000000e-030 9.997929e-001 1.000000e-030 9.867965e-022 1.000000e-030 1.000000e-030 1.000000e-030 1.000000e-030 1.000000e-030 1.000000e-030 1.000000e-030 1.000000e-030 1.000000e-030 2.968304e-030 1.000000e-030 1.000000e-030 1.000000e-030 1.000000e-030 1.000000e-030 1.000000e-030 1.000000e-030 1.000000e-030 1.000000e-030 1.000000e-030 1.000000e-030 1.000000e-030 1.000000e-030 1.000000e-030 
1.000000e-030 5.298715e-001 1.000000e-030 1.000000e-030 1.000000e-030 1.000000e-030 1.000000e-030 3.776626e-008 1.000000e-030 1.000000e-030 1.000000e-030 1.000000e-030 1.000000e-030 1.000000e-030 3.132163e-002 1.000000e-030 1.000000e-030 4.388068e-001 1.000000e-030 1.000000e-030 1.000000e-030 1.000000e-030 1.000000e-030 1.000000e-030 1.000000e-030 1.000000e-030 1.000000e-030 1.000000e-030 1.000000e-030 1.000000e-030 1.000000e-030 1.000000e-030 
2.882555e-002 2.890573e-001 1.000000e-030 1.000000e-030 1.921703e-002 2.882555e-002 1.000000e-030 4.804257e-002 1.000000e-030 1.921703e-002 1.000000e-030 1.000000e-030 1.000000e-030 1.000000e-030 9.608901e-003 1.000000e-030 5.765109e-002 3.554272e-001 1.000000e-030 1.000000e-030 1.000000e-030 1.000000e-030 1.000000e-030 1.000000e-030 1.056937e-001 1.000000e-030 3.843406e-002 1.000000e-030 1.000000e-030 1.000000e-030 1.000000e-030 1.000000e-030 
