8.791553e-001 1.208447e-001 0.000000e+000 0.000000e+000 0.000000e+000 
0.000000e+000 8.586199e-001 1.413801e-001 0.000000e+000 0.000000e+000 
0.000000e+000 0.000000e+000 9.319588e-001 6.804119e-002 0.000000e+000 
0.000000e+000 0.000000e+000 0.000000e+000 9.499040e-001 5.009605e-002 
0.000000e+000 0.000000e+000 0.000000e+000 0.000000e+000 1.000000e+000 
1.000000e-030 1.000000e-030 1.000000e-030 1.000000e-030 1.000000e-030 1.000000e-030 1.000000e-030 1.000000e-030 1.000000e-030 1.000000e-030 1.000000e-030 1.000000e-030 1.000000e-030 1.208447e-001 1.000000e-030 1.000000e-030 1.000000e-030 1.000000e-030 1.000000e-030 1.000000e-030 1.000000e-030 1.527341e-001 1.000000e-030 1.000000e-030 1.000000e-030 1.000000e-030 1.000000e-030 1.000000e-030 1.000000e-030 1.000000e-030 1.000000e-030 7.264212e-001 
1.000000e-030 1.000000e-030 1.000000e-030 1.000000e-030 1.000000e-030 1.000000e-030 1.000000e-030 1.000000e-030 1.000000e-030 1.000000e-030 1.000000e-030 1.000000e-030 1.000000e-030 1.000000e-030 1.000000e-030 1.000000e-030 1.000000e-030 1.000000e-030 1.000000e-030 1.000000e-030 1.000000e-030 9.754977e-002 1.000000e-030 1.000000e-030 1.000000e-030 1.000000e-030 1.000000e-030 1.000000e-030 1.000000e-030 1.000000e-030 1.000000e-030 9.024502e-001 
1.000000e-030 1.000000e-030 1.000000e-030 1.000000e-030 1.000000e-030 1.000000e-030 1.000000e-030 1.000000e-030 1.000000e-030 1.000000e-030 1.000000e-030 1.000000e-030 1.000000e-030 1.000000e-030 1.000000e-030 1.821099e-001 1.000000e-030 1.000000e-030 1.000000e-030 6.804119e-002 1.000000e-030 8.659429e-002 1.000000e-030 1.000000e-030 1.000000e-030 1.000000e-030 1.000000e-030 1.000000e-030 1.000000e-030 1.000000e-030 1.000000e-030 6.632547e-001 
1.000000e-030 1.000000e-030 1.000000e-030 1.001921e-001 1.000000e-030 1.456597e-001 1.000000e-030 1.000000e-030 1.000000e-030 1.000000e-030 1.000000e-030 1.000000e-030 1.000000e-030 1.000000e-030 1.000000e-030 2.693974e-001 1.000000e-030 1.000000e-030 1.000000e-030 1.000000e-030 1.000000e-030 6.449221e-002 1.000000e-030 1.000000e-030 1.000000e-030 1.000000e-030 1.000000e-030 1.000000e-030 1.000000e-030 1.000000e-030 1.000000e-030 4.202586e-001 
1.000000e-030 1.000000e-030 1.000000e-030 1.000000e-030 1.000000e-030 3.123844e-002 1.000000e-030 1.000000e-030 1.000000e-030 1.000000e-030 1.000000e-030 4.040684e-002 1.000000e-030 1.000000e-030 1.010171e-002 1.711827e-001 1.000000e-030 1.000000e-030 1.000000e-030 1.000000e-030 3.030513e-002 7.562225e-002 1.000000e-030 1.000000e-030 1.000000e-030 1.000000e-030 1.000000e-030 3.030513e-002 1.000000e-030 1.111188e-001 1.000000e-030 4.997190e-001 
