8.444210e-001 1.555790e-001 0.000000e+000 0.000000e+000 0.000000e+000 
0.000000e+000 9.075450e-001 9.245495e-002 0.000000e+000 0.000000e+000 
0.000000e+000 0.000000e+000 9.164406e-001 8.355937e-002 0.000000e+000 
0.000000e+000 0.000000e+000 0.000000e+000 7.985197e-001 2.014803e-001 
0.000000e+000 0.000000e+000 0.000000e+000 0.000000e+000 1.000000e+000 
1.000000e-030 1.000000e-030 1.000000e-030 1.000000e-030 1.000000e-030 1.000000e-030 1.000000e-030 1.000000e-030 1.000000e-030 1.000000e-030 1.000000e-030 1.000000e-030 1.000000e-030 1.000000e-030 1.000000e-030 7.173773e-001 1.000000e-030 1.000000e-030 1.000000e-030 1.000000e-030 1.000000e-030 6.576151e-003 1.000000e-030 1.000000e-030 1.000000e-030 1.000000e-030 1.000000e-030 1.000000e-030 1.000000e-030 1.000000e-030 1.000000e-030 2.760465e-001 
1.000000e-030 1.000000e-030 1.000000e-030 3.967380e-009 1.000000e-030 1.347688e-016 1.000000e-030 1.000000e-030 1.000000e-030 1.000000e-030 1.000000e-030 1.000000e-030 1.000000e-030 3.450030e-012 1.000000e-030 6.723549e-001 1.000000e-030 1.000000e-030 1.000000e-030 1.000000e-030 1.000000e-030 1.069462e-002 1.000000e-030 1.000000e-030 1.000000e-030 1.000000e-030 1.000000e-030 1.000000e-030 1.000000e-030 1.000000e-030 1.000000e-030 3.169505e-001 
1.000000e-030 1.000000e-030 1.000000e-030 4.704893e-003 1.000000e-030 2.643309e-003 1.000000e-030 1.000000e-030 1.000000e-030 1.000000e-030 1.000000e-030 1.000000e-030 1.000000e-030 3.326681e-003 1.000000e-030 5.961813e-001 1.000000e-030 1.000000e-030 1.000000e-030 3.333333e-002 1.000000e-030 1.714765e-002 1.000000e-030 8.453740e-003 1.000000e-030 1.000000e-030 1.000000e-030 1.000000e-030 1.000000e-030 1.000000e-030 1.000000e-030 3.342091e-001 
1.000000e-030 1.000000e-030 1.000000e-030 1.400501e-001 1.000000e-030 1.152756e-013 4.426471e-008 1.000000e-030 1.000000e-030 1.000000e-030 1.000000e-030 1.000000e-030 1.000000e-030 3.333793e-002 1.000000e-030 4.800200e-001 1.905708e-010 1.000000e-030 1.000000e-030 8.758940e-004 1.000000e-030 3.384573e-002 2.210784e-030 1.000000e-030 1.000000e-030 1.000000e-030 1.000000e-030 1.000000e-030 1.000000e-030 1.000000e-030 1.000000e-030 3.118703e-001 
1.000000e-030 1.000000e-030 1.000000e-030 1.028630e-002 1.000000e-030 1.869354e-003 3.973566e-002 1.000000e-030 1.000000e-030 3.329117e-004 1.678061e-003 1.000000e-030 1.000000e-030 2.646961e-002 3.791777e-004 4.530503e-001 4.746507e-002 3.114844e-004 3.058129e-004 6.303933e-004 1.000000e-030 1.468085e-002 1.722462e-001 2.765514e-003 1.000000e-030 7.409744e-004 1.000000e-030 1.000000e-030 1.000000e-030 2.489460e-002 1.085691e-003 2.010721e-001 
