7.549087e-001 2.450913e-001 0.000000e+000 0.000000e+000 0.000000e+000 
0.000000e+000 8.580639e-001 1.419361e-001 0.000000e+000 0.000000e+000 
0.000000e+000 0.000000e+000 9.023342e-001 9.766575e-002 0.000000e+000 
0.000000e+000 0.000000e+000 0.000000e+000 8.576090e-001 1.423910e-001 
0.000000e+000 0.000000e+000 0.000000e+000 0.000000e+000 1.000000e+000 
1.000000e-030 1.000000e-030 1.000000e-030 1.000000e-030 1.000000e-030 9.523810e-003 1.000000e-030 1.000000e-030 1.000000e-030 1.000000e-030 1.000000e-030 1.000000e-030 1.000000e-030 1.610663e-002 1.000000e-030 5.219718e-001 1.000000e-030 4.761903e-003 1.000000e-030 1.632398e-002 1.000000e-030 1.829820e-002 1.000000e-030 4.761903e-003 1.000000e-030 1.000000e-030 1.000000e-030 1.000000e-030 1.000000e-030 1.000000e-030 1.000000e-030 4.082518e-001 
1.000000e-030 1.000000e-030 1.000000e-030 1.000000e-030 1.000000e-030 5.228963e-016 1.000000e-030 1.000000e-030 1.000000e-030 1.000000e-030 1.000000e-030 1.000000e-030 1.000000e-030 4.437767e-004 1.000000e-030 5.298815e-001 1.000000e-030 1.000000e-030 1.000000e-030 3.709910e-020 1.000000e-030 5.811621e-002 1.000000e-030 2.222222e-002 1.000000e-030 4.544237e-004 1.000000e-030 1.000000e-030 1.000000e-030 1.000000e-030 1.000000e-030 3.888819e-001 
1.000000e-030 1.000000e-030 1.000000e-030 2.330948e-018 1.000000e-030 1.310664e-002 1.000000e-030 1.000000e-030 1.000000e-030 1.000000e-030 1.000000e-030 1.000000e-030 1.000000e-030 5.704413e-003 1.000000e-030 4.824109e-001 1.000000e-030 1.000000e-030 1.000000e-030 1.937350e-017 1.000000e-030 4.959256e-002 1.000000e-030 1.282551e-002 1.000000e-030 8.919890e-004 1.000000e-030 1.000000e-030 1.000000e-030 1.000000e-030 1.000000e-030 4.354680e-001 
7.007890e-029 1.000000e-030 1.000000e-030 5.575351e-002 1.000000e-030 1.123212e-002 1.000000e-030 1.000000e-030 1.000000e-030 1.000000e-030 1.000000e-030 1.000000e-030 1.000000e-030 1.866332e-002 1.000000e-030 3.538058e-001 1.000000e-030 7.019302e-003 7.364477e-004 2.429223e-002 1.000000e-030 1.416435e-001 1.000000e-030 8.868210e-003 1.000000e-030 3.333578e-002 1.000000e-030 1.000000e-030 1.000000e-030 1.000000e-030 1.000000e-030 3.446498e-001 
8.121818e-002 6.681678e-004 1.000000e-030 2.811758e-002 1.000000e-030 5.512975e-003 3.305276e-002 1.000000e-030 1.000000e-030 3.823810e-004 1.000000e-030 1.000000e-030 1.000000e-030 7.634726e-002 4.767531e-003 3.056148e-001 4.777599e-003 6.571273e-004 8.139977e-002 9.738724e-003 1.000000e-030 3.942729e-002 1.000000e-030 3.212527e-003 1.000000e-030 3.951298e-003 1.000000e-030 1.000000e-030 1.000000e-030 1.681088e-003 1.000000e-030 3.194729e-001 
