6.255722e-001 3.744278e-001 0.000000e+000 0.000000e+000 0.000000e+000 
0.000000e+000 8.618301e-001 1.381699e-001 0.000000e+000 0.000000e+000 
0.000000e+000 0.000000e+000 8.245161e-001 1.754839e-001 0.000000e+000 
0.000000e+000 0.000000e+000 0.000000e+000 9.271715e-001 7.282848e-002 
0.000000e+000 0.000000e+000 0.000000e+000 0.000000e+000 1.000000e+000 
1.000000e-030 1.505825e-001 1.000000e-030 5.000000e-002 1.000000e-030 1.578526e-001 1.000000e-030 4.555553e-002 1.000000e-030 1.000000e-030 1.000000e-030 1.000000e-030 1.000000e-030 1.000000e-030 1.000000e-030 8.314746e-002 1.000000e-030 1.607809e-001 1.000000e-030 1.000000e-030 1.000000e-030 1.669942e-001 1.000000e-030 9.430927e-002 1.000000e-030 1.000000e-030 1.000000e-030 1.000000e-030 1.000000e-030 1.000000e-030 1.000000e-030 9.077753e-002 
1.000000e-030 1.525925e-001 1.000000e-030 2.796624e-003 1.000000e-030 2.109790e-001 1.000000e-030 2.170951e-002 1.000000e-030 1.000000e-030 1.000000e-030 1.000000e-030 1.000000e-030 4.407913e-003 1.000000e-030 2.217638e-002 1.000000e-030 1.560130e-001 1.000000e-030 1.000000e-030 1.000000e-030 2.224724e-001 1.000000e-030 8.539389e-002 1.000000e-030 1.000000e-030 1.000000e-030 1.000000e-030 1.000000e-030 1.000000e-030 1.000000e-030 1.214588e-001 
1.000000e-030 1.143053e-001 1.000000e-030 9.906197e-003 1.000000e-030 1.290177e-001 1.000000e-030 5.198784e-002 1.000000e-030 1.000000e-030 1.000000e-030 1.000000e-030 1.000000e-030 6.344086e-003 6.530256e-003 7.204167e-002 1.000000e-030 1.929866e-001 1.000000e-030 1.000000e-030 4.279687e-027 2.082354e-001 1.000000e-030 8.313859e-002 1.000000e-030 9.373752e-003 1.000000e-030 1.000000e-030 1.000000e-030 1.000000e-030 1.000000e-030 1.161326e-001 
4.498480e-014 1.334128e-001 1.000000e-030 1.482611e-001 1.000000e-030 1.044529e-001 2.287919e-008 1.862395e-002 1.000000e-030 2.714273e-005 1.000000e-030 1.000000e-030 1.000000e-030 7.287321e-003 7.149284e-003 2.541271e-002 1.000000e-030 2.208890e-001 1.934351e-003 1.000000e-030 1.514398e-003 1.669196e-001 1.000000e-030 5.052188e-002 1.000000e-030 1.000000e-030 2.873921e-020 1.000000e-030 1.000000e-030 1.000000e-030 1.000000e-030 1.135935e-001 
2.598505e-002 1.040737e-001 3.130580e-004 2.046437e-002 1.335634e-002 9.168224e-002 2.825696e-002 2.636593e-002 1.308736e-002 4.047538e-002 1.000000e-030 1.000000e-030 1.000000e-030 6.951236e-003 4.213005e-003 2.095374e-002 4.862232e-002 1.521040e-001 1.347686e-002 6.021136e-004 1.576886e-003 1.341574e-001 6.331966e-004 4.205427e-002 9.814497e-002 8.935354e-003 5.079278e-003 1.000000e-030 1.000000e-030 6.302628e-003 1.000000e-030 9.213228e-002 
