8.755929e-001 1.244071e-001 0.000000e+000 0.000000e+000 0.000000e+000 
0.000000e+000 8.314899e-001 1.685101e-001 0.000000e+000 0.000000e+000 
0.000000e+000 0.000000e+000 8.997428e-001 1.002572e-001 0.000000e+000 
0.000000e+000 0.000000e+000 0.000000e+000 9.221218e-001 7.787816e-002 
0.000000e+000 0.000000e+000 0.000000e+000 0.000000e+000 1.000000e+000 
1.000000e-030 1.000000e-030 1.000000e-030 6.179213e-029 1.000000e-030 1.000000e-030 1.000000e-030 1.000000e-030 1.000000e-030 1.000000e-030 1.000000e-030 1.000000e-030 1.000000e-030 1.858404e-006 1.000000e-030 9.329876e-001 1.000000e-030 1.000000e-030 1.000000e-030 3.683238e-002 1.000000e-030 1.000000e-030 1.000000e-030 2.933376e-002 1.000000e-030 1.000000e-030 1.000000e-030 1.000000e-030 1.000000e-030 1.000000e-030 1.000000e-030 8.443511e-004 
1.000000e-030 1.000000e-030 1.000000e-030 2.968166e-012 1.000000e-030 1.000000e-030 2.179751e-021 1.000000e-030 1.000000e-030 1.000000e-030 1.000000e-030 1.000000e-030 1.000000e-030 3.494887e-002 1.000000e-030 7.592655e-001 1.000000e-030 1.000000e-030 1.000000e-030 1.051358e-001 1.000000e-030 1.000000e-030 1.000000e-030 1.227681e-002 1.000000e-030 1.000000e-030 1.000000e-030 1.000000e-030 1.000000e-030 1.000000e-030 1.000000e-030 8.837303e-002 
1.000000e-030 1.000000e-030 1.000000e-030 3.076284e-005 1.000000e-030 1.000000e-030 2.913076e-003 1.000000e-030 1.000000e-030 1.000000e-030 1.000000e-030 1.000000e-030 1.000000e-030 5.402612e-003 1.433794e-004 8.893541e-001 1.000000e-030 1.000000e-030 1.000000e-030 6.052675e-002 1.000000e-030 6.151177e-003 1.000000e-030 5.920573e-003 1.000000e-030 1.000000e-030 1.000000e-030 1.000000e-030 1.000000e-030 1.000000e-030 1.000000e-030 2.955753e-002 
1.000000e-030 1.000000e-030 9.760797e-003 3.583866e-002 1.000000e-030 1.000000e-030 9.487417e-003 1.000000e-030 1.000000e-030 1.000000e-030 1.000000e-030 1.000000e-030 1.000000e-030 1.853190e-002 4.324320e-003 6.916021e-001 2.169066e-003 1.000000e-030 3.253599e-003 1.095204e-001 1.000000e-030 1.000000e-030 2.169066e-003 1.928958e-003 1.000000e-030 1.000000e-030 1.000000e-030 1.000000e-030 1.000000e-030 1.000000e-030 1.000000e-030 1.114137e-001 
1.386765e-002 1.000000e-030 9.595925e-002 1.469075e-002 1.000000e-030 1.000000e-030 7.286734e-002 1.000000e-030 4.384331e-003 7.583600e-004 1.000000e-030 1.000000e-030 1.000000e-030 6.169598e-002 2.242485e-003 5.891066e-001 8.679294e-003 1.000000e-030 3.767531e-002 3.274247e-002 1.000000e-030 6.293629e-004 4.086785e-002 4.629433e-003 3.042503e-004 2.475595e-003 1.000000e-030 1.000000e-030 1.000000e-030 4.096100e-003 1.000000e-030 1.232759e-002 
