7.778854e-001 2.221146e-001 0.000000e+000 0.000000e+000 0.000000e+000 
0.000000e+000 8.804972e-001 1.195028e-001 0.000000e+000 0.000000e+000 
0.000000e+000 0.000000e+000 8.961341e-001 1.038659e-001 0.000000e+000 
0.000000e+000 0.000000e+000 0.000000e+000 8.323554e-001 1.676446e-001 
0.000000e+000 0.000000e+000 0.000000e+000 0.000000e+000 1.000000e+000 
1.000000e-030 1.000000e-030 1.000000e-030 5.330735e-027 1.000000e-030 1.000000e-030 1.000000e-030 1.000000e-030 1.000000e-030 1.000000e-030 1.000000e-030 1.000000e-030 1.000000e-030 2.155820e-029 1.000000e-030 7.821972e-001 1.000000e-030 1.000000e-030 1.000000e-030 2.456621e-007 1.000000e-030 2.088406e-002 1.000000e-030 3.333333e-002 1.000000e-030 1.000000e-030 1.000000e-030 1.000000e-030 1.000000e-030 1.000000e-030 1.000000e-030 1.635851e-001 
1.000000e-030 1.000000e-030 1.000000e-030 2.204156e-008 1.000000e-030 1.695459e-003 1.000000e-030 1.000000e-030 1.000000e-030 1.000000e-030 1.000000e-030 1.000000e-030 1.000000e-030 3.532470e-008 1.000000e-030 7.404474e-001 1.000000e-030 1.000000e-030 1.000000e-030 2.007330e-003 1.000000e-030 1.264217e-002 1.000000e-030 9.648030e-003 1.000000e-030 3.333333e-002 1.000000e-030 1.000000e-030 1.000000e-030 1.000000e-030 1.000000e-030 2.002263e-001 
1.000000e-030 1.000000e-030 1.000000e-030 1.876545e-002 1.000000e-030 1.000000e-030 1.000000e-030 1.000000e-030 1.000000e-030 1.000000e-030 1.000000e-030 1.000000e-030 1.000000e-030 3.846753e-003 1.000000e-030 6.881050e-001 1.000000e-030 1.000000e-030 1.000000e-030 2.346561e-006 1.000000e-030 3.032119e-002 1.000000e-030 2.333333e-002 1.000000e-030 3.280183e-028 1.000000e-030 1.000000e-030 1.000000e-030 1.000000e-030 1.000000e-030 2.356259e-001 
1.000000e-030 1.000000e-030 1.000000e-030 1.543479e-001 1.000000e-030 1.000000e-030 3.246666e-003 1.000000e-030 1.000000e-030 1.217500e-002 1.000000e-030 1.000000e-030 1.000000e-030 3.284278e-002 4.190267e-027 4.574016e-001 1.000000e-030 1.000000e-030 8.224873e-003 4.734770e-008 1.000000e-030 1.930511e-002 1.624533e-003 3.333504e-002 1.000000e-030 1.298668e-002 1.000000e-030 1.000000e-030 1.000000e-030 2.708710e-002 1.000000e-030 2.374227e-001 
1.000000e-030 3.528470e-004 1.000000e-030 3.066447e-002 1.000000e-030 2.193675e-003 3.091452e-002 3.262371e-004 1.000000e-030 3.765635e-002 3.262371e-004 1.000000e-030 1.000000e-030 2.472762e-002 1.346089e-002 4.263627e-001 7.748489e-003 1.719507e-003 1.390989e-002 2.295011e-002 1.000000e-030 3.611975e-002 2.230706e-002 2.722042e-002 1.000000e-030 1.469291e-001 4.865256e-003 1.000000e-030 1.000000e-030 4.162552e-003 2.963730e-004 1.447859e-001 
