7.220761e-001 2.779239e-001 0.000000e+000 0.000000e+000 0.000000e+000 
0.000000e+000 7.984839e-001 2.015161e-001 0.000000e+000 0.000000e+000 
0.000000e+000 0.000000e+000 8.381889e-001 1.618111e-001 0.000000e+000 
0.000000e+000 0.000000e+000 0.000000e+000 9.389674e-001 6.103262e-002 
0.000000e+000 0.000000e+000 0.000000e+000 0.000000e+000 1.000000e+000 
1.000000e-030 4.466864e-002 1.000000e-030 4.784850e-003 1.000000e-030 2.788468e-001 1.000000e-030 2.149048e-002 1.000000e-030 1.000000e-030 1.000000e-030 1.000000e-030 1.000000e-030 4.028157e-003 1.000000e-030 1.684848e-001 1.000000e-030 2.604507e-002 1.000000e-030 3.892572e-002 1.000000e-030 2.027935e-001 1.000000e-030 7.259112e-002 1.000000e-030 1.000000e-030 1.000000e-030 1.000000e-030 1.000000e-030 1.000000e-030 1.000000e-030 1.373408e-001 
1.000000e-030 3.715342e-002 1.000000e-030 1.195482e-002 1.000000e-030 2.799024e-001 1.000000e-030 5.724018e-002 1.000000e-030 1.000000e-030 1.000000e-030 1.000000e-030 1.000000e-030 2.658905e-008 1.000000e-030 3.800842e-002 1.000000e-030 3.785330e-002 1.000000e-030 3.333333e-002 1.000000e-030 1.895806e-001 1.000000e-030 4.393893e-002 1.000000e-030 1.000000e-030 1.000000e-030 1.000000e-030 1.000000e-030 1.000000e-030 1.000000e-030 2.710346e-001 
1.000000e-030 3.334434e-002 1.000000e-030 7.441392e-002 1.000000e-030 2.472695e-001 1.000000e-030 7.218235e-002 1.000000e-030 1.000000e-030 1.000000e-030 1.000000e-030 1.000000e-030 4.798173e-003 1.757868e-024 6.462239e-002 1.000000e-030 2.050103e-002 1.000000e-030 3.749489e-002 1.000000e-030 2.096801e-001 1.000000e-030 9.426315e-002 1.000000e-030 1.000000e-030 1.000000e-030 1.000000e-030 1.000000e-030 1.000000e-030 1.000000e-030 1.414302e-001 
1.000000e-030 3.331168e-002 1.000000e-030 2.735461e-001 1.000000e-030 2.199520e-001 1.000000e-030 4.611722e-002 1.591131e-003 1.000000e-030 1.000000e-030 2.541182e-002 1.000000e-030 4.709350e-003 8.100137e-003 2.451222e-002 1.000000e-030 5.047239e-002 1.000000e-030 3.553172e-002 1.113848e-002 1.019619e-001 1.000000e-030 5.639600e-002 1.000000e-030 5.504473e-005 1.000000e-030 4.773393e-003 1.000000e-030 7.875233e-003 1.000000e-030 9.454406e-002 
1.000000e-030 3.236757e-002 1.000000e-030 1.113001e-002 3.707117e-004 2.479259e-001 1.000000e-030 1.859879e-002 1.355952e-003 6.230537e-004 1.000000e-030 4.693060e-002 1.000000e-030 1.023692e-003 1.784930e-003 3.400632e-002 1.000000e-030 3.514355e-002 3.172480e-004 3.517282e-002 2.660722e-002 1.965768e-001 1.000000e-030 5.175836e-002 1.000000e-030 6.642501e-004 3.707117e-004 8.648676e-002 3.137065e-004 4.390798e-002 3.333333e-004 1.262297e-001 
