6.636857e-001 3.363143e-001 0.000000e+000 0.000000e+000 0.000000e+000 
0.000000e+000 8.386907e-001 1.613093e-001 0.000000e+000 0.000000e+000 
0.000000e+000 0.000000e+000 8.061507e-001 1.938493e-001 0.000000e+000 
0.000000e+000 0.000000e+000 0.000000e+000 9.252126e-001 7.478738e-002 
0.000000e+000 0.000000e+000 0.000000e+000 0.000000e+000 1.000000e+000 
1.000000e-030 1.000000e-030 1.000000e-030 1.218368e-002 1.000000e-030 1.658490e-001 1.000000e-030 1.000000e-030 1.000000e-030 1.000000e-030 1.000000e-030 1.000000e-030 1.000000e-030 3.301912e-002 1.000000e-030 1.737194e-001 1.000000e-030 1.472950e-014 1.000000e-030 5.448269e-002 1.000000e-030 1.958429e-001 1.000000e-030 1.423846e-001 1.000000e-030 1.000000e-030 1.000000e-030 1.000000e-030 1.000000e-030 1.000000e-030 1.000000e-030 2.225186e-001 
1.000000e-030 5.128207e-003 1.000000e-030 2.110082e-002 1.000000e-030 1.188516e-001 1.000000e-030 1.000000e-030 1.000000e-030 1.000000e-030 1.000000e-030 1.000000e-030 1.000000e-030 1.092586e-006 1.000000e-030 2.006597e-001 1.000000e-030 4.815453e-002 1.000000e-030 1.093581e-002 1.000000e-030 2.425963e-001 1.000000e-030 3.734578e-002 1.000000e-030 1.000000e-030 1.000000e-030 1.000000e-030 1.000000e-030 1.000000e-030 1.000000e-030 3.152262e-001 
1.000000e-030 1.000000e-030 1.000000e-030 1.090041e-001 1.000000e-030 1.581110e-001 1.000000e-030 2.667666e-002 1.000000e-030 1.000000e-030 1.000000e-030 1.000000e-030 1.000000e-030 5.037847e-003 2.666667e-002 4.948195e-002 1.000000e-030 3.851622e-002 1.000000e-030 3.671299e-002 1.000000e-030 2.165155e-001 1.000000e-030 6.864933e-002 1.000000e-030 1.666667e-002 1.000000e-030 1.000000e-030 1.000000e-030 1.000000e-030 1.000000e-030 2.479611e-001 
1.000000e-030 1.266789e-002 1.000000e-030 5.687275e-002 1.000000e-030 1.184686e-001 3.935727e-003 4.815778e-003 1.000000e-030 1.000000e-030 2.455105e-002 1.000000e-030 1.000000e-030 1.979610e-002 3.375914e-002 1.460287e-001 2.361685e-002 2.690695e-002 1.000000e-030 1.624674e-002 1.000000e-030 1.559150e-001 3.087139e-003 3.153009e-002 1.000000e-030 1.000000e-030 3.697550e-003 1.000000e-030 1.000000e-030 1.000000e-030 4.913258e-002 2.689714e-001 
1.000000e-030 4.106990e-003 1.000000e-030 1.901677e-002 1.000000e-030 1.186126e-001 3.515182e-003 9.206713e-003 1.000000e-030 1.000000e-030 2.549654e-003 3.020522e-004 1.000000e-030 8.589149e-003 4.815310e-002 8.564113e-002 1.146806e-002 2.052293e-002 1.000000e-030 2.673696e-002 1.068767e-003 1.486721e-001 2.962158e-004 3.680388e-002 1.000000e-030 1.000000e-030 2.013436e-003 3.020522e-004 1.000000e-030 6.313910e-002 1.405033e-001 2.487799e-001 
