8.763270e-001 1.236730e-001 0.000000e+000 0.000000e+000 0.000000e+000 
0.000000e+000 9.059926e-001 9.400738e-002 0.000000e+000 0.000000e+000 
0.000000e+000 0.000000e+000 8.749442e-001 1.250558e-001 0.000000e+000 
0.000000e+000 0.000000e+000 0.000000e+000 8.400218e-001 1.599782e-001 
0.000000e+000 0.000000e+000 0.000000e+000 0.000000e+000 1.000000e+000 
1.000000e-030 1.000000e-030 1.000000e-030 1.000000e-030 1.000000e-030 4.878561e-004 1.000000e-030 7.740487e-003 1.000000e-030 1.000000e-030 1.000000e-030 1.000000e-030 1.000000e-030 1.701560e-029 1.000000e-030 8.948666e-001 1.000000e-030 1.000000e-030 1.000000e-030 4.731211e-002 1.000000e-030 1.000000e-030 1.000000e-030 3.666935e-002 1.000000e-030 1.000000e-030 1.000000e-030 1.000000e-030 1.000000e-030 1.000000e-030 1.000000e-030 1.292357e-002 
1.000000e-030 1.000000e-030 1.000000e-030 1.000000e-030 1.000000e-030 8.910767e-003 1.000000e-030 1.000000e-030 1.000000e-030 1.000000e-030 1.000000e-030 1.000000e-030 1.000000e-030 2.564966e-017 1.000000e-030 9.092603e-001 1.000000e-030 1.000000e-030 1.000000e-030 3.524903e-002 1.000000e-030 1.000000e-030 1.000000e-030 3.642966e-002 1.000000e-030 1.000000e-030 1.000000e-030 1.000000e-030 1.000000e-030 1.000000e-030 1.000000e-030 1.015023e-002 
1.000000e-030 1.000000e-030 1.000000e-030 4.348500e-019 1.000000e-030 3.333332e-002 1.000000e-030 1.000000e-030 1.000000e-030 1.000000e-030 1.000000e-030 1.000000e-030 1.034800e-027 5.063080e-005 1.000000e-030 8.952730e-001 1.000000e-030 2.311455e-021 1.000000e-030 3.681973e-002 5.377469e-022 1.060725e-030 1.000000e-030 1.073420e-002 1.000000e-030 1.000000e-030 1.000000e-030 5.342250e-020 1.000000e-030 4.645413e-012 1.000000e-030 2.378908e-002 
2.560374e-003 1.052445e-003 2.051617e-002 3.470588e-003 1.211242e-002 4.328583e-003 1.983234e-015 1.116794e-002 2.134082e-002 1.000000e-030 1.000000e-030 1.000000e-030 2.107729e-011 5.008378e-003 1.000000e-030 6.302947e-001 1.000000e-030 8.910842e-005 2.566655e-003 9.533482e-002 1.948493e-002 4.382146e-003 1.000000e-030 6.828542e-002 2.567492e-003 1.000000e-030 1.000000e-030 2.741462e-002 1.000000e-030 5.439328e-002 1.000000e-030 1.362912e-002 
1.960508e-002 9.893640e-003 8.847270e-003 1.258313e-002 1.020930e-002 2.878772e-003 2.841652e-002 4.151606e-003 4.062267e-002 6.219270e-004 1.000000e-030 3.483527e-004 3.544848e-003 5.600478e-002 3.223041e-004 6.801770e-001 9.393657e-004 6.421820e-003 7.296946e-003 4.225030e-002 2.041713e-002 1.371030e-003 1.000000e-030 1.680096e-002 1.478573e-003 3.174604e-004 1.000000e-030 1.453088e-003 1.000000e-030 5.826629e-003 1.000000e-030 1.719952e-002 
