6.637387e-001 3.362613e-001 0.000000e+000 0.000000e+000 0.000000e+000 
0.000000e+000 8.251498e-001 1.748502e-001 0.000000e+000 0.000000e+000 
0.000000e+000 0.000000e+000 8.855962e-001 1.144038e-001 0.000000e+000 
0.000000e+000 0.000000e+000 0.000000e+000 9.412219e-001 5.877806e-002 
0.000000e+000 0.000000e+000 0.000000e+000 0.000000e+000 1.000000e+000 
1.000000e-030 1.000000e-030 1.000000e-030 3.333850e-018 1.000000e-030 3.614409e-002 1.000000e-030 8.333333e-003 1.000000e-030 1.000000e-030 1.000000e-030 1.000000e-030 1.000000e-030 1.000000e-030 1.000000e-030 3.025433e-001 1.000000e-030 1.268588e-021 1.000000e-030 8.333333e-003 1.000000e-030 1.876791e-001 1.000000e-030 4.120515e-003 1.000000e-030 1.000000e-030 1.000000e-030 1.000000e-030 1.000000e-030 1.000000e-030 1.000000e-030 4.528463e-001 
1.000000e-030 2.564103e-003 1.000000e-030 6.033647e-003 1.000000e-030 4.093885e-002 1.000000e-030 1.000000e-030 1.000000e-030 1.000000e-030 1.000000e-030 1.000000e-030 1.000000e-030 4.451297e-023 1.000000e-030 1.704180e-001 1.000000e-030 3.076923e-002 1.000000e-030 8.501000e-018 1.000000e-030 1.909523e-001 1.000000e-030 5.181883e-002 1.000000e-030 6.984777e-010 1.000000e-030 1.000000e-030 1.000000e-030 1.000000e-030 1.000000e-030 5.065050e-001 
1.000000e-030 1.000000e-030 1.000000e-030 7.371772e-003 1.000000e-030 4.030329e-002 1.000000e-030 1.666667e-002 1.000000e-030 2.243610e-007 1.000000e-030 1.000000e-030 1.000000e-030 7.175087e-004 1.000000e-030 2.223081e-001 1.000000e-030 6.367707e-004 1.000000e-030 1.000000e-030 1.000000e-030 1.943705e-001 1.000000e-030 1.005379e-002 1.000000e-030 4.856752e-003 1.000000e-030 1.000000e-030 1.000000e-030 1.000000e-030 1.000000e-030 5.027146e-001 
1.000000e-030 1.032361e-003 1.000000e-030 6.991967e-002 1.000000e-030 7.050914e-002 1.000000e-030 1.000000e-030 1.000000e-030 3.990067e-003 1.000000e-030 1.000000e-030 1.000000e-030 4.842964e-003 2.455191e-006 1.138687e-001 1.000000e-030 2.802332e-002 9.911587e-006 2.469665e-022 1.000000e-030 1.585664e-001 1.000000e-030 5.814263e-003 1.000000e-030 3.974943e-002 1.000000e-030 1.000000e-030 1.000000e-030 1.000000e-030 1.000000e-030 5.036713e-001 
2.000899e-002 1.273360e-002 1.000000e-030 2.018138e-002 1.676788e-002 3.940532e-002 6.836331e-003 6.412139e-003 6.219917e-003 3.922635e-002 3.787880e-004 6.172840e-004 7.094145e-002 3.750006e-002 7.000823e-003 8.357551e-002 1.000000e-030 3.333100e-002 8.378553e-003 1.042157e-002 4.763581e-003 1.139852e-001 1.000000e-030 1.340276e-002 1.000000e-030 6.351602e-003 2.614882e-003 1.000000e-030 1.145767e-001 1.000000e-030 1.000000e-030 3.243684e-001 
