7.414234e-001 2.585766e-001 0.000000e+000 0.000000e+000 0.000000e+000 
0.000000e+000 7.800816e-001 2.199184e-001 0.000000e+000 0.000000e+000 
0.000000e+000 0.000000e+000 8.766224e-001 1.233776e-001 0.000000e+000 
0.000000e+000 0.000000e+000 0.000000e+000 9.162997e-001 8.370033e-002 
0.000000e+000 0.000000e+000 0.000000e+000 0.000000e+000 1.000000e+000 
1.000000e-030 3.694643e-010 1.000000e-030 3.846717e-011 1.000000e-030 7.969008e-002 1.000000e-030 2.309817e-001 1.000000e-030 1.000000e-030 1.000000e-030 1.330503e-004 1.000000e-030 1.344435e-024 1.000000e-030 2.202058e-001 1.000000e-030 1.590794e-002 1.000000e-030 2.687494e-002 1.000000e-030 1.000000e-030 1.000000e-030 3.478794e-001 1.000000e-030 1.000000e-030 1.000000e-030 1.000000e-030 1.000000e-030 1.000000e-030 1.000000e-030 7.832706e-002 
1.000000e-030 1.722723e-004 1.000000e-030 7.562005e-002 1.000000e-030 1.043682e-001 1.000000e-030 1.542081e-001 1.000000e-030 3.809813e-003 1.000000e-030 1.347064e-002 1.000000e-030 8.448241e-003 1.000000e-030 2.216410e-001 1.000000e-030 3.824235e-002 1.000000e-030 8.618718e-003 1.344480e-002 3.801640e-004 1.000000e-030 3.044777e-001 1.000000e-030 6.230023e-017 1.000000e-030 1.000000e-030 1.000000e-030 1.000000e-030 1.000000e-030 5.309793e-002 
1.000000e-030 1.003264e-002 1.000000e-030 3.464899e-002 1.000000e-030 5.275329e-002 1.000000e-030 1.332724e-001 1.000000e-030 3.281958e-002 1.000000e-030 7.155750e-003 1.000000e-030 1.500756e-002 1.000000e-030 2.294538e-001 1.000000e-030 8.103487e-003 1.000000e-030 4.576398e-003 9.480820e-006 1.151291e-002 1.000000e-030 3.726580e-001 1.000000e-030 1.800877e-002 1.000000e-030 1.000000e-030 1.000000e-030 1.770605e-003 1.000000e-030 6.821643e-002 
1.827068e-003 7.596876e-003 1.000000e-030 6.512880e-002 9.028027e-003 5.172464e-002 1.000000e-030 8.782781e-002 1.000000e-030 4.028412e-002 3.322247e-017 1.239727e-009 4.306293e-004 2.050830e-002 2.329772e-002 2.122136e-001 1.000000e-030 9.123558e-003 4.270787e-010 1.897573e-002 1.000000e-030 1.582823e-002 1.000000e-030 2.998835e-001 1.000000e-030 5.032012e-002 3.783627e-002 1.000000e-030 1.000000e-030 1.030222e-030 1.000000e-030 4.816494e-002 
1.189202e-003 1.415321e-002 3.507213e-004 2.222903e-002 1.459989e-002 5.156217e-002 6.111133e-004 1.339218e-001 1.418135e-003 2.066044e-002 2.568137e-003 3.195491e-003 3.460376e-002 9.058509e-003 3.289395e-002 1.664783e-001 2.968279e-003 1.598228e-002 1.377436e-003 1.426522e-002 4.704473e-002 1.289002e-002 1.000000e-030 2.597841e-001 1.000000e-030 2.577861e-002 6.618282e-002 3.174603e-004 2.555331e-003 3.796468e-003 9.313363e-003 2.825006e-002 
