4.077503e-001	5.922497e-001	0.000000e+000	0.000000e+000	0.000000e+000	
0.000000e+000	9.083775e-001	9.162248e-002	0.000000e+000	0.000000e+000	
0.000000e+000	0.000000e+000	9.687685e-001	3.123154e-002	0.000000e+000	
0.000000e+000	0.000000e+000	0.000000e+000	7.803307e-001	2.196693e-001	
0.000000e+000	0.000000e+000	0.000000e+000	0.000000e+000	1.000000e+000	
1.000000e-030	1.000000e-030	1.000000e-030	1.000000e-030	1.000000e-030	1.000000e-030	1.000000e-030	1.000000e-030	1.000000e-030	1.000000e-030	1.000000e-030	1.000000e-030	1.000000e-030	1.000000e-030	1.000000e-030	9.808034e-001	1.000000e-030	1.000000e-030	1.000000e-030	1.000000e-030	1.000000e-030	1.000000e-030	1.000000e-030	1.000000e-030	1.000000e-030	1.000000e-030	1.000000e-030	1.000000e-030	1.000000e-030	1.000000e-030	1.000000e-030	1.919665e-002	
1.000000e-030	1.000000e-030	1.000000e-030	1.000000e-030	1.000000e-030	1.000000e-030	1.000000e-030	1.000000e-030	1.000000e-030	1.000000e-030	1.000000e-030	1.000000e-030	1.000000e-030	1.000000e-030	1.000000e-030	2.651094e-001	1.000000e-030	1.000000e-030	1.000000e-030	1.000000e-030	1.000000e-030	5.928311e-003	1.000000e-030	1.000000e-030	1.000000e-030	1.000000e-030	1.000000e-030	1.000000e-030	1.000000e-030	1.000000e-030	1.000000e-030	7.289623e-001	
1.000000e-030	1.000000e-030	1.000000e-030	1.000000e-030	1.000000e-030	1.000000e-030	1.000000e-030	1.000000e-030	1.000000e-030	1.000000e-030	1.000000e-030	1.000000e-030	1.000000e-030	1.000000e-030	1.000000e-030	3.215193e-001	1.000000e-030	1.000000e-030	1.000000e-030	1.000000e-030	1.000000e-030	6.042862e-002	1.000000e-030	1.000000e-030	1.000000e-030	1.000000e-030	1.000000e-030	1.000000e-030	1.000000e-030	1.000000e-030	1.000000e-030	6.180521e-001	
1.000000e-030	1.000000e-030	1.000000e-030	3.562655e-002	1.000000e-030	1.000000e-030	1.000000e-030	1.000000e-030	1.000000e-030	1.000000e-030	1.000000e-030	1.000000e-030	1.000000e-030	1.000000e-030	3.063046e-023	7.797251e-001	1.000000e-030	1.000000e-030	1.000000e-030	1.000000e-030	1.000000e-030	5.720240e-005	1.000000e-030	1.000000e-030	1.000000e-030	1.000000e-030	1.000000e-030	1.000000e-030	1.000000e-030	1.000000e-030	1.000000e-030	1.845911e-001	
1.000000e-030	1.000000e-030	1.000000e-030	2.842765e-002	1.000000e-030	1.000000e-030	1.001743e-002	1.000000e-030	1.000000e-030	1.000000e-030	2.003487e-002	1.000000e-030	1.000000e-030	1.000000e-030	4.006974e-002	1.763689e-001	1.001743e-002	1.000000e-030	1.000000e-030	1.000000e-030	1.000000e-030	2.003664e-002	1.000000e-030	1.000000e-030	1.000000e-030	1.000000e-030	1.000000e-030	1.000000e-030	1.000000e-030	6.010460e-002	1.502615e-001	4.846612e-001	
