3.776220e-009	1.000000e+000	0.000000e+000	0.000000e+000	0.000000e+000	
0.000000e+000	9.038538e-001	9.614620e-002	0.000000e+000	0.000000e+000	
0.000000e+000	0.000000e+000	7.557102e-001	2.442898e-001	0.000000e+000	
0.000000e+000	0.000000e+000	0.000000e+000	9.661082e-001	3.389179e-002	
0.000000e+000	0.000000e+000	0.000000e+000	0.000000e+000	1.000000e+000	
1.000000e-030	1.000000e-030	1.000000e-030	1.000000e-030	1.000000e-030	1.000000e+000	1.000000e-030	1.000000e-030	1.000000e-030	1.000000e-030	1.000000e-030	1.000000e-030	1.000000e-030	1.000000e-030	1.000000e-030	1.000000e-030	1.000000e-030	1.000000e-030	1.000000e-030	1.000000e-030	1.000000e-030	1.000000e-030	1.000000e-030	1.000000e-030	1.000000e-030	1.000000e-030	1.000000e-030	1.000000e-030	1.000000e-030	1.000000e-030	1.000000e-030	3.776220e-009	
1.000000e-030	1.000000e-030	1.000000e-030	1.000000e-030	1.000000e-030	1.414142e-014	1.000000e-030	1.000000e-030	1.000000e-030	1.000000e-030	1.000000e-030	1.000000e-030	1.000000e-030	1.000000e-030	1.000000e-030	1.000000e-030	1.000000e-030	1.000000e-030	1.000000e-030	9.614620e-002	1.000000e-030	2.308894e-001	1.000000e-030	9.614620e-002	1.000000e-030	1.000000e-030	1.000000e-030	1.000000e-030	1.000000e-030	1.000000e-030	1.000000e-030	5.768182e-001	
1.000000e-030	1.000000e-030	1.000000e-030	1.000000e-030	1.000000e-030	4.652460e-001	1.000000e-030	1.000000e-030	1.000000e-030	1.000000e-030	1.000000e-030	1.000000e-030	1.000000e-030	1.000000e-030	1.000000e-030	1.335761e-001	1.000000e-030	1.000000e-030	1.000000e-030	1.000000e-030	1.000000e-030	4.008020e-001	1.000000e-030	5.636964e-017	1.000000e-030	1.000000e-030	1.000000e-030	1.000000e-030	1.000000e-030	1.000000e-030	1.000000e-030	3.758895e-004	
1.000000e-030	1.000000e-030	1.000000e-030	6.778358e-002	1.000000e-030	1.388043e-001	1.000000e-030	3.389175e-002	1.000000e-030	1.000000e-030	1.000000e-030	1.000000e-030	1.000000e-030	1.000000e-030	4.783547e-009	8.314355e-002	1.000000e-030	1.000000e-030	1.000000e-030	3.389179e-002	1.000000e-030	2.697067e-001	1.000000e-030	1.000000e-030	1.000000e-030	1.000000e-030	1.000000e-030	1.000000e-030	1.000000e-030	1.000000e-030	1.000000e-030	3.727783e-001	
1.000000e-030	1.000000e-030	1.000000e-030	1.923077e-002	1.000000e-030	1.250000e-001	1.000000e-030	1.026239e-008	1.000000e-030	1.000000e-030	1.000000e-030	1.000000e-030	1.000000e-030	9.615385e-003	5.769231e-002	2.884615e-002	1.000000e-030	1.000000e-030	1.000000e-030	1.000000e-030	1.000000e-030	2.596154e-001	1.000000e-030	1.923077e-002	1.000000e-030	1.000000e-030	1.000000e-030	1.000000e-030	1.000000e-030	6.730769e-002	1.730769e-001	2.403846e-001	
