9.188177e-001	8.118229e-002	0.000000e+000	0.000000e+000	0.000000e+000	
0.000000e+000	7.935387e-001	2.064613e-001	0.000000e+000	0.000000e+000	
0.000000e+000	0.000000e+000	9.077365e-001	9.226353e-002	0.000000e+000	
0.000000e+000	0.000000e+000	0.000000e+000	8.819282e-001	1.180718e-001	
0.000000e+000	0.000000e+000	0.000000e+000	0.000000e+000	1.000000e+000	
1.000000e-030	1.000000e-030	1.000000e-030	1.000000e-030	1.000000e-030	2.713145e-001	1.000000e-030	1.000000e-030	1.000000e-030	1.000000e-030	1.000000e-030	1.000000e-030	1.000000e-030	1.000000e-030	1.000000e-030	1.000000e-030	1.000000e-030	4.418849e-013	1.000000e-030	1.000000e-030	1.000000e-030	7.286855e-001	1.000000e-030	1.000000e-030	1.000000e-030	1.000000e-030	1.000000e-030	1.000000e-030	1.000000e-030	1.000000e-030	1.000000e-030	1.000000e-030	
1.000000e-030	1.000000e-030	1.000000e-030	1.000000e-030	1.000000e-030	5.699425e-001	1.000000e-030	1.000000e-030	1.000000e-030	1.000000e-030	1.000000e-030	1.000000e-030	1.000000e-030	1.000000e-030	1.000000e-030	1.000000e-030	1.000000e-030	4.129226e-001	1.000000e-030	1.000000e-030	1.000000e-030	1.713482e-002	1.000000e-030	1.000000e-030	1.000000e-030	1.000000e-030	1.000000e-030	1.000000e-030	1.000000e-030	1.000000e-030	1.000000e-030	1.000000e-030	
1.000000e-030	1.000000e-030	1.000000e-030	1.000000e-030	1.000000e-030	5.441178e-001	1.000000e-030	1.000000e-030	1.000000e-030	1.000000e-030	1.000000e-030	1.000000e-030	1.000000e-030	1.000000e-030	2.773986e-011	1.000000e-030	1.000000e-030	8.716627e-009	1.000000e-030	1.000000e-030	1.000000e-030	4.558822e-001	1.000000e-030	1.000000e-030	1.000000e-030	1.000000e-030	1.000000e-030	1.000000e-030	1.000000e-030	1.000000e-030	1.000000e-030	1.000000e-030	
1.000000e-030	1.000000e-030	1.000000e-030	1.000000e-030	1.000000e-030	1.000000e-030	1.180718e-001	1.000000e-030	1.000000e-030	1.000000e-030	1.000000e-030	1.000000e-030	1.000000e-030	1.000000e-030	5.903590e-001	1.000000e-030	2.361436e-001	1.000000e-030	1.000000e-030	1.000000e-030	1.000000e-030	2.950186e-007	1.000000e-030	1.000000e-030	1.000000e-030	1.000000e-030	1.000000e-030	1.000000e-030	1.000000e-030	1.000000e-030	5.542526e-002	1.000000e-030	
1.000000e-030	8.886473e-003	1.000000e-030	5.331884e-002	1.000000e-030	2.488213e-001	8.886473e-003	1.000000e-030	1.000000e-030	1.000000e-030	1.000000e-030	1.000000e-030	1.000000e-030	1.777295e-002	1.000000e-030	1.777295e-002	3.587666e-018	1.777295e-002	1.000000e-030	1.000000e-030	1.000000e-030	2.754807e-001	8.886473e-003	7.997826e-002	1.000000e-030	1.000000e-030	1.000000e-030	1.000000e-030	1.000000e-030	5.331884e-002	1.113527e-001	9.775121e-002	
