1.884062e-010	1.000000e+000	0.000000e+000	0.000000e+000	0.000000e+000	
0.000000e+000	9.442352e-001	5.576481e-002	0.000000e+000	0.000000e+000	
0.000000e+000	0.000000e+000	9.108019e-001	8.919815e-002	0.000000e+000	
0.000000e+000	0.000000e+000	0.000000e+000	9.599844e-001	4.001559e-002	
0.000000e+000	0.000000e+000	0.000000e+000	0.000000e+000	1.000000e+000	
1.000000e-030	1.000000e-030	1.000000e-030	1.000000e-030	1.000000e-030	1.000000e-030	1.000000e-030	1.000000e-030	1.000000e-030	1.000000e-030	1.000000e-030	1.000000e-030	1.000000e-030	1.000000e-030	1.000000e-030	1.000000e-030	1.000000e-030	1.000000e-030	1.000000e-030	1.000000e-030	1.000000e-030	1.884062e-010	1.000000e-030	1.000000e+000	1.000000e-030	1.000000e-030	1.000000e-030	1.000000e-030	1.000000e-030	1.000000e-030	1.000000e-030	1.000000e-030	
1.000000e-030	1.000000e-030	1.000000e-030	8.763320e-013	1.000000e-030	7.290239e-002	1.000000e-030	1.000000e-030	1.000000e-030	1.000000e-030	1.000000e-030	1.000000e-030	1.000000e-030	1.000000e-030	1.000000e-030	3.345889e-001	1.000000e-030	1.000000e-030	1.000000e-030	1.000000e-030	1.000000e-030	1.975652e-001	1.000000e-030	6.035462e-002	1.000000e-030	1.000000e-030	1.000000e-030	1.000000e-030	1.000000e-030	1.000000e-030	1.000000e-030	3.345889e-001	
1.000000e-030	1.000000e-030	1.000000e-030	8.919815e-002	1.000000e-030	7.905003e-002	1.000000e-030	1.000000e-030	1.000000e-030	1.000000e-030	1.000000e-030	1.000000e-030	1.000000e-030	1.000000e-030	1.000000e-030	8.961088e-014	1.000000e-030	1.000000e-030	1.000000e-030	1.000000e-030	1.000000e-030	3.975713e-001	1.000000e-030	1.710547e-001	1.000000e-030	1.000000e-030	1.000000e-030	1.000000e-030	1.000000e-030	1.000000e-030	1.000000e-030	2.631258e-001	
1.000000e-030	1.000000e-030	1.000000e-030	1.000000e-030	1.000000e-030	7.221008e-002	1.000000e-030	1.000000e-030	1.000000e-030	1.000000e-030	1.000000e-030	1.000000e-030	1.000000e-030	1.000000e-030	5.225808e-015	2.737587e-001	1.000000e-030	1.000000e-030	1.000000e-030	1.000000e-030	1.000000e-030	1.191397e-001	1.000000e-030	3.139580e-012	1.000000e-030	1.000000e-030	1.000000e-030	1.000000e-030	1.000000e-030	1.000000e-030	1.000000e-030	5.348915e-001	
1.000000e-030	1.000000e-030	1.000000e-030	1.065345e-002	1.000000e-030	1.491686e-001	1.000000e-030	1.000000e-030	1.000000e-030	1.000000e-030	1.000000e-030	1.000000e-030	1.000000e-030	1.000000e-030	7.457416e-002	4.430450e-002	1.065345e-002	1.000000e-030	1.000000e-030	1.065345e-002	1.000000e-030	1.174295e-001	1.000000e-030	2.130690e-002	1.000000e-030	1.000000e-030	1.000000e-030	1.000000e-030	1.000000e-030	6.392071e-002	1.704552e-001	3.268801e-001	
