4.381149e-001	5.618851e-001	0.000000e+000	0.000000e+000	0.000000e+000	
0.000000e+000	9.406495e-001	5.935049e-002	0.000000e+000	0.000000e+000	
0.000000e+000	0.000000e+000	9.036082e-001	9.639181e-002	0.000000e+000	
0.000000e+000	0.000000e+000	0.000000e+000	8.890735e-001	1.109265e-001	
0.000000e+000	0.000000e+000	0.000000e+000	0.000000e+000	1.000000e+000	
1.000000e-030	1.000000e-030	1.000000e-030	1.000000e-030	1.000000e-030	1.000000e-030	1.000000e-030	1.000000e-030	1.000000e-030	1.000000e-030	1.000000e-030	1.000000e-030	1.000000e-030	1.000000e-030	1.000000e-030	9.999999e-001	1.000000e-030	1.000000e-030	1.000000e-030	1.000000e-030	1.000000e-030	1.000000e-030	1.000000e-030	1.000000e-030	1.000000e-030	1.000000e-030	1.000000e-030	1.000000e-030	1.000000e-030	1.000000e-030	1.000000e-030	1.420822e-007	
1.000000e-030	1.000000e-030	1.000000e-030	1.000000e-030	1.000000e-030	1.000000e-030	1.000000e-030	1.000000e-030	1.000000e-030	1.000000e-030	1.000000e-030	1.000000e-030	1.000000e-030	1.000000e-030	1.000000e-030	1.315956e-001	1.000000e-030	1.000000e-030	1.000000e-030	1.000000e-030	1.000000e-030	1.482380e-001	1.000000e-030	1.000000e-030	1.000000e-030	1.000000e-030	1.000000e-030	1.000000e-030	1.000000e-030	1.000000e-030	1.000000e-030	7.201665e-001	
1.000000e-030	1.000000e-030	1.000000e-030	1.000000e-030	1.000000e-030	1.000000e-030	1.000000e-030	2.996963e-004	1.000000e-030	1.000000e-030	1.000000e-030	1.000000e-030	1.000000e-030	1.000000e-030	1.000000e-030	2.906831e-004	1.000000e-030	1.000000e-030	1.000000e-030	1.000000e-030	1.000000e-030	3.375959e-001	1.000000e-030	1.000000e-030	1.000000e-030	1.000000e-030	1.000000e-030	1.000000e-030	1.000000e-030	1.000000e-030	1.000000e-030	6.618138e-001	
1.000000e-030	1.000000e-030	1.000000e-030	1.109265e-001	1.000000e-030	1.000000e-030	1.000000e-030	1.105816e-001	1.000000e-030	1.000000e-030	2.218529e-001	1.000000e-030	1.000000e-030	1.000000e-030	2.218529e-001	1.000000e-030	2.218529e-001	1.000000e-030	1.000000e-030	1.000000e-030	1.000000e-030	1.000000e-030	1.000000e-030	1.000000e-030	1.000000e-030	1.000000e-030	1.109265e-001	1.000000e-030	1.000000e-030	1.000000e-030	2.006703e-003	7.265990e-012	
1.000000e-030	1.000000e-030	1.000000e-030	9.010478e-003	1.000000e-030	2.703143e-002	1.000000e-030	1.000000e-030	1.000000e-030	1.000000e-030	1.000000e-030	1.000000e-030	1.000000e-030	1.000000e-030	1.000000e-030	1.261467e-001	1.734096e-019	1.000000e-030	1.000000e-030	1.000000e-030	1.000000e-030	1.531781e-001	1.000000e-030	9.010478e-003	1.000000e-030	1.000000e-030	9.010478e-003	1.000000e-030	1.000000e-030	3.604191e-002	8.994177e-002	5.406287e-001	
