8.199898e-001	1.800102e-001	0.000000e+000	0.000000e+000	0.000000e+000	
0.000000e+000	6.605354e-001	3.394646e-001	0.000000e+000	0.000000e+000	
0.000000e+000	0.000000e+000	9.503704e-001	4.962956e-002	0.000000e+000	
0.000000e+000	0.000000e+000	0.000000e+000	9.766680e-001	2.333205e-002	
0.000000e+000	0.000000e+000	0.000000e+000	0.000000e+000	1.000000e+000	
1.000000e-030	1.000000e-030	1.000000e-030	1.000000e-030	1.000000e-030	1.156817e-023	1.000000e-030	1.000000e-030	1.000000e-030	1.000000e-030	1.000000e-030	1.000000e-030	1.000000e-030	1.000000e-030	1.000000e-030	1.000000e-030	1.000000e-030	1.000000e-030	1.000000e-030	1.000000e-030	1.000000e-030	3.601196e-001	1.000000e-030	3.596744e-001	1.000000e-030	1.000000e-030	1.000000e-030	1.000000e-030	1.000000e-030	1.000000e-030	1.000000e-030	2.802061e-001	
1.000000e-030	1.000000e-030	1.000000e-030	1.000000e-030	1.000000e-030	1.084594e-002	1.000000e-030	1.000000e-030	1.000000e-030	1.000000e-030	1.000000e-030	1.000000e-030	1.000000e-030	1.000000e-030	1.000000e-030	1.000000e-030	1.000000e-030	1.000000e-030	1.000000e-030	1.000000e-030	1.000000e-030	8.491993e-001	1.000000e-030	1.169759e-004	1.000000e-030	1.000000e-030	1.000000e-030	1.000000e-030	1.000000e-030	1.000000e-030	1.000000e-030	1.398378e-001	
1.000000e-030	1.000000e-030	1.000000e-030	1.000000e-030	1.000000e-030	3.391594e-001	1.000000e-030	1.000000e-030	1.000000e-030	1.000000e-030	1.000000e-030	1.000000e-030	1.000000e-030	1.000000e-030	1.000000e-030	1.000000e-030	1.000000e-030	5.099513e-008	1.000000e-030	1.000000e-030	1.000000e-030	5.558386e-001	1.000000e-030	4.970784e-002	1.000000e-030	1.000000e-030	1.000000e-030	1.000000e-030	1.000000e-030	1.000000e-030	1.000000e-030	5.529417e-002	
1.000000e-030	1.000000e-030	1.000000e-030	1.000000e-030	1.000000e-030	3.361651e-001	1.000000e-030	1.000000e-030	1.000000e-030	1.000000e-030	1.000000e-030	1.000000e-030	1.000000e-030	1.000000e-030	1.134969e-021	1.000000e-030	1.000000e-030	2.333201e-002	1.000000e-030	3.203611e-002	1.000000e-030	5.171259e-001	1.000000e-030	7.111942e-009	1.000000e-030	1.000000e-030	1.000000e-030	1.000000e-030	1.000000e-030	1.000000e-030	1.000000e-030	9.134085e-002	
1.000000e-030	1.000000e-030	1.000000e-030	1.290487e-002	1.000000e-030	2.029466e-001	1.000000e-030	1.000000e-030	1.000000e-030	1.000000e-030	1.000000e-030	1.000000e-030	1.000000e-030	1.000000e-030	7.742919e-002	1.290487e-002	2.580973e-002	2.580974e-002	1.000000e-030	2.099555e-002	1.000000e-030	2.598311e-001	1.000000e-030	2.580973e-002	1.000000e-030	1.000000e-030	1.000000e-030	1.000000e-030	1.000000e-030	6.452433e-002	1.935730e-001	7.746132e-002	
