8.888889e-001	1.111111e-001	0.000000e+000	0.000000e+000	0.000000e+000	
0.000000e+000	8.000000e-001	2.000000e-001	0.000000e+000	0.000000e+000	
0.000000e+000	0.000000e+000	8.981797e-001	1.018203e-001	0.000000e+000	
0.000000e+000	0.000000e+000	0.000000e+000	8.808169e-001	1.191831e-001	
0.000000e+000	0.000000e+000	0.000000e+000	0.000000e+000	1.000000e+000	
1.000000e-030	1.000000e-030	1.000000e-030	1.000000e-030	1.000000e-030	1.000000e-030	1.000000e-030	1.000000e-030	1.000000e-030	1.000000e-030	1.000000e-030	1.000000e-030	1.000000e-030	1.000000e-030	1.000000e-030	1.000000e-030	1.000000e-030	1.000000e-030	1.000000e-030	1.000000e-030	1.000000e-030	7.777778e-001	1.000000e-030	1.000000e-030	1.000000e-030	1.000000e-030	1.000000e-030	1.000000e-030	1.000000e-030	1.000000e-030	1.000000e-030	2.222222e-001	
1.000000e-030	1.000000e-030	1.000000e-030	1.000000e-030	1.000000e-030	8.000000e-001	1.000000e-030	1.000000e-030	1.000000e-030	1.000000e-030	1.000000e-030	1.000000e-030	1.000000e-030	1.000000e-030	1.000000e-030	1.000000e-030	1.000000e-030	1.000000e-030	1.000000e-030	1.000000e-030	1.000000e-030	1.692281e-016	1.000000e-030	1.000000e-030	1.000000e-030	1.000000e-030	1.000000e-030	1.000000e-030	1.000000e-030	1.000000e-030	1.000000e-030	2.000000e-001	
1.000000e-030	1.000000e-030	1.000000e-030	8.981797e-001	1.000000e-030	1.000000e-030	1.000000e-030	1.000000e-030	1.000000e-030	1.000000e-030	1.000000e-030	1.000000e-030	1.000000e-030	9.659021e-029	1.000000e-030	1.000000e-030	1.000000e-030	1.018203e-001	1.000000e-030	1.000000e-030	1.000000e-030	1.000000e-030	1.000000e-030	1.000000e-030	1.000000e-030	1.000000e-030	1.000000e-030	1.000000e-030	1.000000e-030	1.000000e-030	1.000000e-030	1.000000e-030	
1.000000e-030	1.000000e-030	1.000000e-030	1.403569e-001	1.000000e-030	1.000000e-030	1.000000e-030	1.000000e-030	1.000000e-030	1.000000e-030	1.000000e-030	1.000000e-030	1.000000e-030	1.191831e-001	1.000000e-030	1.000000e-030	1.000000e-030	1.000000e-030	1.000000e-030	1.000000e-030	1.000000e-030	4.649905e-001	1.000000e-030	6.291048e-028	1.000000e-030	1.000000e-030	1.000000e-030	1.000000e-030	1.000000e-030	1.000000e-030	1.000000e-030	2.754695e-001	
1.000000e-030	1.000000e-030	1.000000e-030	1.713456e-002	1.000000e-030	2.740000e-001	1.000000e-030	1.000000e-030	1.000000e-030	1.000000e-030	1.712500e-002	1.000000e-030	1.000000e-030	1.000000e-030	3.425000e-002	3.425000e-002	8.562500e-003	1.000000e-030	1.000000e-030	8.562500e-003	1.000000e-030	1.378436e-001	1.000000e-030	1.455625e-001	1.000000e-030	1.000000e-030	1.000000e-030	1.000000e-030	1.000000e-030	5.137500e-002	1.455625e-001	1.257719e-001	
