7.459805e-001	2.540195e-001	0.000000e+000	0.000000e+000	0.000000e+000	
0.000000e+000	9.475432e-001	5.245683e-002	0.000000e+000	0.000000e+000	
0.000000e+000	0.000000e+000	8.000000e-001	2.000000e-001	0.000000e+000	
0.000000e+000	0.000000e+000	0.000000e+000	9.473684e-001	5.263158e-002	
0.000000e+000	0.000000e+000	0.000000e+000	0.000000e+000	1.000000e+000	
1.000000e-030	1.000000e-030	1.000000e-030	1.000000e-030	1.000000e-030	3.899581e-001	1.000000e-030	1.000000e-030	1.000000e-030	1.000000e-030	1.000000e-030	1.000000e-030	1.000000e-030	1.000000e-030	1.000000e-030	1.000000e-030	1.000000e-030	1.000000e-030	1.000000e-030	1.000000e-030	1.000000e-030	3.020298e-001	1.000000e-030	3.080121e-001	1.000000e-030	1.000000e-030	1.000000e-030	1.000000e-030	1.000000e-030	1.000000e-030	1.000000e-030	1.665393e-023	
1.000000e-030	1.000000e-030	1.000000e-030	5.245683e-002	1.000000e-030	2.342119e-001	1.000000e-030	1.000000e-030	1.000000e-030	1.000000e-030	1.000000e-030	1.000000e-030	1.000000e-030	1.000000e-030	1.000000e-030	1.000000e-030	1.000000e-030	1.000000e-030	1.000000e-030	1.000000e-030	1.000000e-030	3.048265e-001	1.000000e-030	1.986775e-001	1.000000e-030	1.000000e-030	1.000000e-030	1.000000e-030	1.000000e-030	1.000000e-030	1.000000e-030	2.098273e-001	
1.000000e-030	1.000000e-030	1.000000e-030	2.000000e-001	1.000000e-030	1.000000e-030	1.000000e-030	1.000000e-030	1.000000e-030	1.000000e-030	1.000000e-030	1.000000e-030	1.000000e-030	1.000000e-030	8.000000e-001	1.000000e-030	1.000000e-030	1.000000e-030	1.000000e-030	1.000000e-030	1.000000e-030	1.000000e-030	1.000000e-030	1.000000e-030	1.000000e-030	1.000000e-030	1.000000e-030	1.000000e-030	1.000000e-030	1.000000e-030	1.000000e-030	1.593801e-015	
1.000000e-030	1.000000e-030	1.000000e-030	1.000000e-030	1.000000e-030	1.000000e-030	1.000000e-030	1.000000e-030	1.000000e-030	1.000000e-030	1.000000e-030	1.000000e-030	1.000000e-030	1.000000e-030	1.000000e-030	1.000000e-030	2.105263e-001	1.000000e-030	1.000000e-030	1.000000e-030	1.000000e-030	1.000000e-030	5.263158e-002	1.000000e-030	1.000000e-030	1.000000e-030	1.000000e-030	1.000000e-030	1.000000e-030	1.000000e-030	7.368421e-001	1.000000e-030	
1.000000e-030	1.960784e-002	1.000000e-030	3.921569e-002	1.000000e-030	4.215686e-001	1.000000e-030	1.960784e-002	1.000000e-030	1.000000e-030	1.000000e-030	1.000000e-030	1.000000e-030	9.803922e-003	1.000000e-030	1.000000e-030	1.000000e-030	1.470588e-001	1.000000e-030	1.000000e-030	1.000000e-030	1.960784e-001	1.000000e-030	3.921569e-002	1.000000e-030	1.000000e-030	1.000000e-030	1.000000e-030	1.000000e-030	6.862745e-002	1.000000e-030	3.921569e-002	
