9.533164e-001	4.668360e-002	0.000000e+000	0.000000e+000	0.000000e+000	
0.000000e+000	3.678493e-001	6.321507e-001	0.000000e+000	0.000000e+000	
0.000000e+000	0.000000e+000	9.293699e-001	7.063009e-002	0.000000e+000	
0.000000e+000	0.000000e+000	0.000000e+000	9.444194e-001	5.558062e-002	
0.000000e+000	0.000000e+000	0.000000e+000	0.000000e+000	1.000000e+000	
1.000000e-030	1.000000e-030	1.000000e-030	1.000000e-030	1.000000e-030	1.000000e-030	1.000000e-030	1.000000e-030	1.000000e-030	1.000000e-030	1.000000e-030	1.000000e-030	1.000000e-030	1.000000e-030	1.000000e-030	2.796450e-001	1.000000e-030	1.000000e-030	1.000000e-030	1.000000e-030	1.000000e-030	1.134698e-001	1.000000e-030	1.000000e-030	1.000000e-030	1.000000e-030	1.000000e-030	1.000000e-030	1.000000e-030	1.000000e-030	1.000000e-030	6.068853e-001	
1.000000e-030	1.000000e-030	1.000000e-030	1.000000e-030	1.000000e-030	6.321506e-001	1.000000e-030	1.000000e-030	1.000000e-030	1.000000e-030	1.000000e-030	1.000000e-030	1.000000e-030	1.000000e-030	1.000000e-030	6.183845e-003	1.000000e-030	1.000000e-030	1.000000e-030	1.000000e-030	1.000000e-030	3.599386e-001	1.000000e-030	1.000000e-030	1.000000e-030	1.000000e-030	1.000000e-030	1.000000e-030	1.000000e-030	1.000000e-030	1.000000e-030	1.726869e-003	
1.000000e-030	1.000000e-030	1.000000e-030	1.000000e-030	1.000000e-030	7.605820e-009	1.000000e-030	1.000000e-030	1.000000e-030	1.000000e-030	1.000000e-030	1.000000e-030	1.000000e-030	1.000000e-030	1.000000e-030	7.955688e-002	1.000000e-030	1.000000e-030	1.000000e-030	1.000000e-030	1.000000e-030	7.053108e-002	1.000000e-030	7.063009e-002	1.000000e-030	1.000000e-030	1.000000e-030	1.000000e-030	1.000000e-030	1.000000e-030	1.000000e-030	7.792819e-001	
1.000000e-030	1.000000e-030	1.000000e-030	1.000000e-030	1.000000e-030	1.000000e-030	1.000000e-030	1.000000e-030	1.000000e-030	1.000000e-030	1.000000e-030	1.000000e-030	1.000000e-030	1.000000e-030	1.106227e-024	4.839543e-001	1.000000e-030	1.000000e-030	1.000000e-030	5.558061e-002	1.000000e-030	5.196104e-004	1.000000e-030	1.000000e-030	1.000000e-030	1.000000e-030	1.000000e-030	1.000000e-030	1.000000e-030	1.000000e-030	1.000000e-030	4.599455e-001	
1.000000e-030	1.000000e-030	1.000000e-030	2.131125e-002	1.000000e-030	1.172119e-001	1.065562e-002	1.000000e-030	1.000000e-030	1.000000e-030	1.000000e-030	1.000000e-030	1.000000e-030	1.065562e-002	7.458937e-002	6.570645e-002	1.065562e-002	1.000000e-030	1.000000e-030	1.065563e-002	1.000000e-030	7.450469e-002	1.000000e-030	1.000000e-030	1.000000e-030	1.000000e-030	1.000000e-030	1.000000e-030	1.000000e-030	5.327812e-002	1.918012e-001	3.589745e-001	
