3.972457e-001	6.027543e-001	0.000000e+000	0.000000e+000	0.000000e+000	
0.000000e+000	9.507351e-001	4.926492e-002	0.000000e+000	0.000000e+000	
0.000000e+000	0.000000e+000	9.329419e-001	6.705813e-002	0.000000e+000	
0.000000e+000	0.000000e+000	0.000000e+000	9.554803e-001	4.451971e-002	
0.000000e+000	0.000000e+000	0.000000e+000	0.000000e+000	1.000000e+000	
1.000000e-030	1.000000e-030	1.000000e-030	1.000000e-030	1.000000e-030	1.000000e-030	1.000000e-030	1.000000e-030	1.000000e-030	1.000000e-030	1.000000e-030	1.000000e-030	1.000000e-030	1.000000e-030	1.000000e-030	1.000000e-030	1.000000e-030	1.000000e-030	1.000000e-030	1.000000e-030	1.000000e-030	1.000000e+000	1.000000e-030	1.286928e-013	1.000000e-030	1.000000e-030	1.000000e-030	1.000000e-030	1.000000e-030	1.000000e-030	1.000000e-030	1.000000e-030	
1.000000e-030	1.000000e-030	1.000000e-030	1.000000e-030	1.000000e-030	2.828121e-001	1.000000e-030	1.000000e-030	1.000000e-030	1.000000e-030	1.000000e-030	1.000000e-030	1.000000e-030	1.000000e-030	1.000000e-030	1.000000e-030	1.000000e-030	2.642768e-001	1.000000e-030	1.000000e-030	1.000000e-030	2.161576e-001	1.000000e-030	1.874885e-001	1.000000e-030	1.000000e-030	1.000000e-030	1.000000e-030	1.000000e-030	1.000000e-030	1.000000e-030	4.926492e-002	
1.000000e-030	1.000000e-030	1.000000e-030	1.000000e-030	1.000000e-030	2.483796e-001	1.000000e-030	1.000000e-030	1.000000e-030	1.000000e-030	1.000000e-030	1.000000e-030	1.000000e-030	1.000000e-030	1.000000e-030	1.000000e-030	1.000000e-030	3.035171e-001	1.000000e-030	1.000000e-030	1.000000e-030	1.974773e-001	1.000000e-030	2.506261e-001	1.000000e-030	1.000000e-030	1.000000e-030	1.000000e-030	1.000000e-030	1.000000e-030	1.000000e-030	1.000000e-030	
1.000000e-030	8.903942e-002	1.000000e-030	8.236570e-002	1.000000e-030	5.126599e-001	1.000000e-030	1.000000e-030	1.000000e-030	1.000000e-030	1.000000e-030	1.000000e-030	1.000000e-030	1.000000e-030	1.000000e-030	1.000000e-030	1.000000e-030	1.014012e-001	1.000000e-030	1.000000e-030	1.000000e-030	1.084565e-001	1.000000e-030	1.060772e-001	1.000000e-030	1.000000e-030	1.000000e-030	1.000000e-030	1.000000e-030	1.000000e-030	1.000000e-030	1.000000e-030	
1.000000e-030	1.000000e-030	1.000000e-030	1.282401e-002	1.000000e-030	1.342737e-001	1.000000e-030	1.000000e-030	1.000000e-030	1.000000e-030	1.000000e-030	1.000000e-030	1.000000e-030	1.000000e-030	5.576117e-002	1.115223e-002	2.230447e-002	1.765594e-001	1.000000e-030	1.115223e-002	1.000000e-030	2.294269e-001	1.000000e-030	6.774013e-002	1.000000e-030	1.000000e-030	2.230447e-002	1.000000e-030	1.000000e-030	6.691340e-002	1.561313e-001	3.345670e-002	
