6.085675e-001	3.914325e-001	0.000000e+000	0.000000e+000	0.000000e+000	
0.000000e+000	9.250253e-001	7.497468e-002	0.000000e+000	0.000000e+000	
0.000000e+000	0.000000e+000	8.217086e-001	1.782914e-001	0.000000e+000	
0.000000e+000	0.000000e+000	0.000000e+000	9.593250e-001	4.067499e-002	
0.000000e+000	0.000000e+000	0.000000e+000	0.000000e+000	1.000000e+000	
1.000000e-030	1.000000e-030	1.000000e-030	1.000000e-030	1.000000e-030	1.000000e-030	1.000000e-030	1.000000e-030	1.000000e-030	1.000000e-030	1.000000e-030	1.000000e-030	1.000000e-030	1.000000e-030	1.000000e-030	1.000000e+000	1.000000e-030	1.000000e-030	1.000000e-030	1.000000e-030	1.000000e-030	1.000000e-030	1.000000e-030	1.000000e-030	1.000000e-030	1.000000e-030	1.000000e-030	1.000000e-030	1.000000e-030	1.000000e-030	1.000000e-030	2.592834e-019	
1.000000e-030	1.000000e-030	1.000000e-030	1.000000e-030	1.000000e-030	2.555700e-002	1.000000e-030	1.000000e-030	1.000000e-030	1.000000e-030	1.000000e-030	1.000000e-030	1.000000e-030	1.000000e-030	1.000000e-030	2.527280e-001	1.000000e-030	1.000000e-030	1.000000e-030	1.000000e-030	1.000000e-030	1.525940e-001	1.000000e-030	1.000000e-030	1.000000e-030	1.000000e-030	1.000000e-030	1.000000e-030	1.000000e-030	1.000000e-030	1.000000e-030	5.691210e-001	
1.000000e-030	1.000000e-030	1.000000e-030	1.000000e-030	1.000000e-030	1.175156e-001	1.000000e-030	1.000000e-030	1.000000e-030	1.000000e-030	1.000000e-030	1.000000e-030	1.000000e-030	1.000000e-030	1.000000e-030	1.580318e-002	1.000000e-030	1.000000e-030	1.000000e-030	1.000000e-030	1.000000e-030	7.727326e-005	1.000000e-030	1.000000e-030	1.000000e-030	1.000000e-030	1.000000e-030	1.000000e-030	1.000000e-030	1.000000e-030	1.000000e-030	8.666039e-001	
1.000000e-030	1.000000e-030	1.000000e-030	1.000000e-030	1.000000e-030	8.087179e-026	1.000000e-030	5.028367e-014	1.000000e-030	1.000000e-030	1.000000e-030	1.000000e-030	1.000000e-030	1.000000e-030	1.000000e-030	1.178821e-001	1.000000e-030	1.000000e-030	1.000000e-030	1.000000e-030	1.000000e-030	2.640744e-001	1.000000e-030	1.000000e-030	1.000000e-030	1.000000e-030	1.000000e-030	1.000000e-030	1.000000e-030	1.000000e-030	1.000000e-030	6.180435e-001	
1.000000e-030	1.000000e-030	1.000000e-030	9.716897e-003	1.000000e-030	1.943383e-002	1.000000e-030	1.943379e-002	1.000000e-030	1.000000e-030	1.000000e-030	1.000000e-030	1.000000e-030	1.000000e-030	2.915069e-002	1.271714e-001	9.716897e-003	1.000000e-030	1.000000e-030	1.000000e-030	1.000000e-030	1.114721e-001	1.000000e-030	9.716897e-003	1.000000e-030	1.000000e-030	1.943379e-002	1.000000e-030	1.000000e-030	3.886759e-002	1.166028e-001	4.892834e-001	
