7.252576e-001	2.747424e-001	0.000000e+000	0.000000e+000	0.000000e+000	
0.000000e+000	9.292264e-001	7.077359e-002	0.000000e+000	0.000000e+000	
0.000000e+000	0.000000e+000	9.362506e-001	6.374940e-002	0.000000e+000	
0.000000e+000	0.000000e+000	0.000000e+000	9.332746e-001	6.672538e-002	
0.000000e+000	0.000000e+000	0.000000e+000	0.000000e+000	1.000000e+000	
1.000000e-030	1.000000e-030	1.000000e-030	1.000000e-030	1.000000e-030	1.000000e-030	1.000000e-030	1.000000e-030	1.000000e-030	1.000000e-030	1.000000e-030	1.000000e-030	1.000000e-030	1.000000e-030	1.000000e-030	1.000000e+000	1.000000e-030	1.000000e-030	1.000000e-030	1.000000e-030	1.000000e-030	1.000000e-030	1.000000e-030	1.000000e-030	1.000000e-030	1.000000e-030	1.000000e-030	1.000000e-030	1.000000e-030	1.000000e-030	1.000000e-030	4.705856e-028	
1.000000e-030	1.000000e-030	1.000000e-030	1.000000e-030	1.000000e-030	1.000000e-030	1.000000e-030	1.000000e-030	1.000000e-030	1.000000e-030	1.000000e-030	1.000000e-030	1.000000e-030	1.000000e-030	1.000000e-030	2.165902e-001	1.000000e-030	1.000000e-030	1.000000e-030	1.000000e-030	1.000000e-030	7.077359e-002	1.000000e-030	1.000000e-030	1.000000e-030	1.000000e-030	1.000000e-030	1.000000e-030	1.000000e-030	1.000000e-030	1.000000e-030	7.126362e-001	
1.000000e-030	1.000000e-030	1.000000e-030	3.187470e-001	1.000000e-030	1.000000e-030	1.000000e-030	1.000000e-030	1.000000e-030	1.000000e-030	1.000000e-030	1.000000e-030	1.000000e-030	1.000000e-030	1.000000e-030	8.286794e-002	1.000000e-030	1.000000e-030	1.000000e-030	1.000000e-030	1.000000e-030	1.302952e-018	1.000000e-030	1.000000e-030	1.000000e-030	1.000000e-030	1.000000e-030	1.000000e-030	1.000000e-030	1.000000e-030	1.000000e-030	5.983851e-001	
1.000000e-030	1.000000e-030	1.000000e-030	1.206743e-023	1.000000e-030	1.334343e-001	1.000000e-030	1.000000e-030	1.000000e-030	1.000000e-030	1.000000e-030	1.000000e-030	1.000000e-030	1.000000e-030	1.000000e-030	8.302600e-002	1.000000e-030	1.000000e-030	1.000000e-030	1.000000e-030	1.000000e-030	6.672475e-002	1.000000e-030	1.000000e-030	1.000000e-030	1.000000e-030	1.000000e-030	1.000000e-030	1.000000e-030	1.000000e-030	1.000000e-030	7.168149e-001	
1.000000e-030	1.000000e-030	1.000000e-030	1.000000e-030	1.000000e-030	1.989158e-002	9.944565e-003	1.000000e-030	1.000000e-030	1.000000e-030	1.000000e-030	1.000000e-030	1.000000e-030	1.988913e-002	7.955652e-002	2.163510e-001	1.000000e-030	1.000000e-030	1.000000e-030	9.944565e-003	1.000000e-030	9.944575e-002	1.000000e-030	1.000000e-030	1.000000e-030	1.000000e-030	1.000000e-030	1.000000e-030	1.000000e-030	6.961196e-002	1.491685e-001	3.261964e-001	
