6.697849e-001	3.302151e-001	0.000000e+000	0.000000e+000	0.000000e+000	
0.000000e+000	8.491008e-001	1.508992e-001	0.000000e+000	0.000000e+000	
0.000000e+000	0.000000e+000	9.335148e-001	6.648518e-002	0.000000e+000	
0.000000e+000	0.000000e+000	0.000000e+000	9.513192e-001	4.868082e-002	
0.000000e+000	0.000000e+000	0.000000e+000	0.000000e+000	1.000000e+000	
1.000000e-030	1.000000e-030	1.000000e-030	1.000000e-030	1.000000e-030	1.000000e-030	1.000000e-030	1.000000e-030	1.000000e-030	1.000000e-030	1.000000e-030	1.000000e-030	1.000000e-030	9.905736e-001	1.000000e-030	7.389462e-007	1.000000e-030	1.000000e-030	1.000000e-030	1.000000e-030	1.000000e-030	1.000000e-030	1.000000e-030	1.000000e-030	1.000000e-030	1.000000e-030	1.000000e-030	1.000000e-030	1.000000e-030	1.000000e-030	1.000000e-030	9.425630e-003	
1.000000e-030	1.000000e-030	1.000000e-030	1.000000e-030	1.000000e-030	1.000000e-030	1.000000e-030	1.000000e-030	1.000000e-030	1.000000e-030	1.000000e-030	1.000000e-030	1.000000e-030	3.277758e-005	1.000000e-030	4.797611e-001	1.000000e-030	1.000000e-030	1.000000e-030	1.000000e-030	1.000000e-030	2.499130e-004	1.000000e-030	1.000000e-030	1.000000e-030	1.000000e-030	1.000000e-030	1.000000e-030	1.000000e-030	1.000000e-030	1.000000e-030	5.199562e-001	
1.000000e-030	1.000000e-030	1.000000e-030	1.000000e-030	1.000000e-030	6.558186e-023	1.000000e-030	1.000000e-030	1.000000e-030	1.000000e-030	1.000000e-030	1.000000e-030	1.000000e-030	2.154797e-028	1.000000e-030	8.725225e-002	1.000000e-030	1.000000e-030	1.000000e-030	1.000000e-030	1.000000e-030	2.468912e-001	1.000000e-030	1.000000e-030	1.000000e-030	1.000000e-030	1.000000e-030	1.000000e-030	1.000000e-030	1.000000e-030	1.000000e-030	6.658565e-001	
1.000000e-030	1.000000e-030	1.000000e-030	1.000000e-030	1.000000e-030	2.769754e-005	1.000000e-030	1.000000e-030	1.000000e-030	1.000000e-030	1.000000e-030	1.000000e-030	1.000000e-030	1.000000e-030	1.516722e-025	6.580445e-002	1.000000e-030	1.000000e-030	1.000000e-030	1.000000e-030	1.000000e-030	1.588782e-001	1.000000e-030	1.000000e-030	1.000000e-030	1.000000e-030	1.000000e-030	1.000000e-030	1.000000e-030	1.000000e-030	1.000000e-030	7.752897e-001	
1.000000e-030	1.000000e-030	1.000000e-030	9.637457e-003	1.000000e-030	3.854434e-002	1.927491e-002	1.000000e-030	1.000000e-030	1.000000e-030	1.000000e-030	1.000000e-030	1.000000e-030	3.854983e-002	5.782474e-002	1.267956e-001	1.927491e-002	1.000000e-030	1.000000e-030	1.000000e-030	1.000000e-030	6.766646e-002	1.000000e-030	9.637457e-003	1.000000e-030	1.000000e-030	1.000000e-030	1.000000e-030	1.000000e-030	6.746220e-002	1.349244e-001	4.104077e-001	
