6.739065e-001	3.260935e-001	0.000000e+000	0.000000e+000	0.000000e+000	
0.000000e+000	9.123513e-001	8.764873e-002	0.000000e+000	0.000000e+000	
0.000000e+000	0.000000e+000	9.041500e-001	9.584996e-002	0.000000e+000	
0.000000e+000	0.000000e+000	0.000000e+000	9.665955e-001	3.340450e-002	
0.000000e+000	0.000000e+000	0.000000e+000	0.000000e+000	1.000000e+000	
1.000000e-030	1.000000e-030	1.000000e-030	1.000000e-030	1.000000e-030	4.068173e-001	1.000000e-030	1.000000e-030	1.000000e-030	1.000000e-030	1.000000e-030	1.000000e-030	1.000000e-030	1.000000e-030	1.000000e-030	1.000000e-030	1.000000e-030	1.000000e-030	1.000000e-030	1.000000e-030	1.000000e-030	1.137851e-001	1.000000e-030	6.835641e-012	1.000000e-030	1.000000e-030	1.000000e-030	1.000000e-030	1.000000e-030	1.000000e-030	1.000000e-030	4.793976e-001	
1.000000e-030	1.000000e-030	1.000000e-030	1.000000e-030	1.000000e-030	1.518541e-001	1.000000e-030	1.000000e-030	1.000000e-030	1.000000e-030	1.000000e-030	1.000000e-030	1.000000e-030	1.000000e-030	1.000000e-030	6.781582e-023	1.000000e-030	1.000000e-030	1.000000e-030	1.000000e-030	1.000000e-030	4.366195e-001	1.000000e-030	6.457818e-002	1.000000e-030	1.000000e-030	1.000000e-030	1.000000e-030	1.000000e-030	1.000000e-030	1.000000e-030	3.469482e-001	
1.000000e-030	1.000000e-030	1.000000e-030	1.000000e-030	1.000000e-030	3.838843e-001	1.000000e-030	1.000000e-030	1.000000e-030	1.000000e-030	1.000000e-030	1.000000e-030	1.000000e-030	1.000000e-030	1.000000e-030	5.225658e-003	1.000000e-030	1.000000e-030	1.000000e-030	1.000000e-030	1.000000e-030	3.464893e-001	1.000000e-030	1.170726e-001	1.000000e-030	1.000000e-030	1.000000e-030	1.000000e-030	1.000000e-030	1.000000e-030	1.000000e-030	1.473282e-001	
1.000000e-030	1.000000e-030	1.000000e-030	6.685830e-003	1.000000e-030	2.919441e-001	1.000000e-030	1.000000e-030	1.000000e-030	1.000000e-030	1.000000e-030	1.000000e-030	1.000000e-030	1.000000e-030	3.909097e-023	2.649884e-001	1.000000e-030	1.000000e-030	1.000000e-030	1.000000e-030	1.000000e-030	1.826645e-003	1.000000e-030	1.328773e-001	1.000000e-030	1.000000e-030	1.000000e-030	1.000000e-030	1.000000e-030	1.000000e-030	1.000000e-030	3.016776e-001	
1.000000e-030	1.000000e-030	1.000000e-030	8.495046e-003	1.000000e-030	1.091305e-001	1.000000e-030	1.000000e-030	1.000000e-030	1.000000e-030	1.000000e-030	1.000000e-030	1.000000e-030	4.248307e-002	7.434537e-002	3.199787e-002	2.124153e-002	1.000000e-030	1.000000e-030	1.000000e-030	1.000000e-030	1.486907e-001	1.000000e-030	3.254175e-002	1.000000e-030	1.000000e-030	1.000000e-030	1.000000e-030	1.000000e-030	4.248307e-002	1.911738e-001	2.974172e-001	
