8.529744e-001	1.470256e-001	0.000000e+000	0.000000e+000	0.000000e+000	
0.000000e+000	8.999190e-001	1.000810e-001	0.000000e+000	0.000000e+000	
0.000000e+000	0.000000e+000	8.488646e-001	1.511354e-001	0.000000e+000	
0.000000e+000	0.000000e+000	0.000000e+000	9.550862e-001	4.491379e-002	
0.000000e+000	0.000000e+000	0.000000e+000	0.000000e+000	1.000000e+000	
1.000000e-030	1.000000e-030	1.000000e-030	1.000000e-030	1.000000e-030	1.470256e-001	1.000000e-030	1.000000e-030	1.000000e-030	1.000000e-030	1.000000e-030	1.000000e-030	1.000000e-030	1.000000e-030	1.000000e-030	1.000000e-030	1.000000e-030	1.000000e-030	1.000000e-030	1.000000e-030	1.000000e-030	2.360325e-001	1.000000e-030	1.000000e-030	1.000000e-030	1.000000e-030	1.000000e-030	1.000000e-030	1.000000e-030	1.000000e-030	1.000000e-030	6.169419e-001	
1.000000e-030	1.000000e-030	1.000000e-030	1.000000e-030	1.000000e-030	6.220591e-022	1.000000e-030	1.000000e-030	1.000000e-030	1.000000e-030	1.000000e-030	1.000000e-030	1.000000e-030	1.000000e-030	1.000000e-030	2.627056e-001	1.000000e-030	1.000000e-030	1.000000e-030	1.000000e-030	1.000000e-030	1.395745e-001	1.000000e-030	1.000000e-030	1.000000e-030	1.000000e-030	1.000000e-030	1.000000e-030	1.000000e-030	1.000000e-030	1.000000e-030	5.977199e-001	
1.000000e-030	1.000000e-030	1.000000e-030	1.000000e-030	1.000000e-030	1.511354e-001	1.000000e-030	1.000000e-030	1.000000e-030	1.000000e-030	1.000000e-030	1.000000e-030	1.000000e-030	1.511354e-001	1.000000e-030	2.078216e-001	1.000000e-030	1.000000e-030	1.000000e-030	1.000000e-030	1.000000e-030	1.000000e-030	1.000000e-030	1.000000e-030	1.000000e-030	1.000000e-030	1.000000e-030	1.000000e-030	1.000000e-030	1.000000e-030	1.000000e-030	4.899076e-001	
1.000000e-030	1.000000e-030	1.000000e-030	1.347413e-001	1.000000e-030	5.534517e-002	1.000000e-030	1.000000e-030	1.000000e-030	1.000000e-030	1.000000e-030	1.000000e-030	1.000000e-030	1.000000e-030	1.000000e-030	1.000000e-030	1.000000e-030	1.000000e-030	1.000000e-030	1.000000e-030	1.000000e-030	2.522952e-001	1.000000e-030	8.965269e-002	1.000000e-030	1.000000e-030	1.000000e-030	1.000000e-030	1.000000e-030	1.000000e-030	1.000000e-030	4.679656e-001	
1.000000e-030	1.000000e-030	1.000000e-030	1.935640e-002	1.000000e-030	1.138905e-001	9.678191e-003	1.000000e-030	1.000000e-030	1.000000e-030	1.000000e-030	1.000000e-030	1.000000e-030	3.871277e-002	4.839096e-002	8.710372e-002	9.678191e-003	1.000000e-030	1.000000e-030	1.000000e-030	1.000000e-030	2.166238e-001	1.000000e-030	9.715877e-003	1.000000e-030	1.000000e-030	1.000000e-030	1.000000e-030	1.000000e-030	7.742553e-002	1.354947e-001	2.339293e-001	
