9.090909e-001	9.090909e-002	0.000000e+000	0.000000e+000	0.000000e+000	
0.000000e+000	7.792504e-001	2.207496e-001	0.000000e+000	0.000000e+000	
0.000000e+000	0.000000e+000	7.498508e-001	2.501492e-001	0.000000e+000	
0.000000e+000	0.000000e+000	0.000000e+000	9.613781e-001	3.862191e-002	
0.000000e+000	0.000000e+000	0.000000e+000	0.000000e+000	1.000000e+000	
1.000000e-030	1.000000e-030	1.000000e-030	1.000000e-030	1.000000e-030	3.636364e-001	1.000000e-030	1.000000e-030	1.000000e-030	1.000000e-030	1.000000e-030	1.000000e-030	1.000000e-030	1.000000e-030	1.000000e-030	1.000000e-030	1.000000e-030	1.000000e-030	1.000000e-030	1.000000e-030	1.000000e-030	2.727273e-001	1.000000e-030	3.636364e-001	1.000000e-030	1.000000e-030	1.000000e-030	1.000000e-030	1.000000e-030	1.000000e-030	1.000000e-030	1.000000e-030	
1.000000e-030	1.000000e-030	1.000000e-030	1.000000e-030	1.000000e-030	1.000000e-030	1.000000e-030	1.000000e-030	1.000000e-030	1.000000e-030	1.000000e-030	1.000000e-030	1.000000e-030	1.000000e-030	1.000000e-030	1.000000e-030	1.000000e-030	1.000000e-030	1.000000e-030	1.000000e-030	1.000000e-030	5.585008e-001	1.000000e-030	1.000000e-030	1.000000e-030	1.000000e-030	1.000000e-030	1.000000e-030	1.000000e-030	1.000000e-030	1.000000e-030	4.414992e-001	
1.000000e-030	1.000000e-030	1.000000e-030	2.501492e-001	1.000000e-030	2.632128e-001	1.000000e-030	1.000000e-030	1.000000e-030	1.000000e-030	1.000000e-030	1.000000e-030	1.000000e-030	1.000000e-030	1.000000e-030	1.000000e-030	1.000000e-030	2.501492e-001	1.000000e-030	1.000000e-030	1.000000e-030	2.364887e-001	1.000000e-030	1.000000e-030	1.000000e-030	1.000000e-030	1.000000e-030	1.000000e-030	1.000000e-030	1.000000e-030	1.000000e-030	1.000000e-030	
1.000000e-030	1.000000e-030	1.000000e-030	3.445154e-002	1.000000e-030	1.506205e-001	1.000000e-030	1.000000e-030	1.000000e-030	1.000000e-030	1.000000e-030	1.000000e-030	1.000000e-030	1.000000e-030	4.954509e-028	5.698496e-002	1.000000e-030	1.000000e-030	1.000000e-030	1.000000e-030	1.000000e-030	2.774240e-001	1.000000e-030	2.241026e-001	1.000000e-030	1.000000e-030	1.000000e-030	1.000000e-030	1.000000e-030	1.000000e-030	1.000000e-030	2.564164e-001	
1.000000e-030	1.000000e-030	1.000000e-030	3.000550e-002	1.000000e-030	2.128580e-001	1.930869e-002	1.000000e-030	1.000000e-030	1.000000e-030	9.654343e-003	1.000000e-030	1.000000e-030	9.654343e-003	2.896303e-002	2.437281e-002	1.000000e-030	9.654343e-003	1.000000e-030	1.930869e-002	1.000000e-030	2.156927e-001	1.000000e-030	9.845042e-002	1.000000e-030	1.000000e-030	9.654343e-003	1.000000e-030	1.000000e-030	8.688908e-002	1.158521e-001	1.096816e-001	
