7.512703e-001	2.487297e-001	0.000000e+000	0.000000e+000	0.000000e+000	
0.000000e+000	8.989813e-001	1.010187e-001	0.000000e+000	0.000000e+000	
0.000000e+000	0.000000e+000	8.971359e-001	1.028641e-001	0.000000e+000	
0.000000e+000	0.000000e+000	0.000000e+000	9.483767e-001	5.162327e-002	
0.000000e+000	0.000000e+000	0.000000e+000	0.000000e+000	1.000000e+000	
1.000000e-030	1.000000e-030	1.000000e-030	1.000000e-030	1.000000e-030	1.364249e-011	1.000000e-030	1.000000e-030	1.000000e-030	1.000000e-030	1.000000e-030	1.000000e-030	1.000000e-030	1.000000e-030	1.000000e-030	1.000000e-030	1.000000e-030	1.000000e-030	1.000000e-030	1.000000e-030	1.000000e-030	5.081229e-003	1.000000e-030	9.949188e-001	1.000000e-030	1.000000e-030	1.000000e-030	1.000000e-030	1.000000e-030	1.000000e-030	1.000000e-030	1.000000e-030	
1.000000e-030	1.000000e-030	1.000000e-030	1.952492e-013	1.000000e-030	2.020359e-001	1.000000e-030	1.000000e-030	1.000000e-030	1.000000e-030	1.000000e-030	1.000000e-030	1.000000e-030	1.000000e-030	1.000000e-030	1.010173e-001	1.000000e-030	1.000000e-030	1.000000e-030	1.000000e-030	1.000000e-030	2.928762e-001	1.000000e-030	3.344634e-009	1.000000e-030	1.000000e-030	1.000000e-030	1.000000e-030	1.000000e-030	1.000000e-030	1.000000e-030	4.040706e-001	
1.000000e-030	1.000000e-030	1.000000e-030	5.638497e-001	1.000000e-030	1.220708e-001	1.000000e-030	1.000000e-030	1.000000e-030	1.000000e-030	1.000000e-030	1.000000e-030	1.000000e-030	1.000000e-030	1.000000e-030	1.056852e-016	1.000000e-030	1.000000e-030	1.000000e-030	1.000000e-030	1.000000e-030	3.140781e-001	1.000000e-030	1.000000e-030	1.000000e-030	1.000000e-030	1.000000e-030	1.000000e-030	1.000000e-030	1.000000e-030	1.000000e-030	1.463750e-006	
1.000000e-030	1.000000e-030	1.000000e-030	1.300691e-001	1.000000e-030	3.000953e-001	1.000000e-030	1.000000e-030	1.000000e-030	1.000000e-030	1.000000e-030	1.000000e-030	1.000000e-030	1.000000e-030	6.495115e-004	5.162271e-002	1.000000e-030	1.000000e-030	1.000000e-030	5.157117e-002	1.000000e-030	2.078868e-001	1.000000e-030	5.162163e-002	1.000000e-030	1.000000e-030	1.000000e-030	1.000000e-030	1.000000e-030	1.000000e-030	1.000000e-030	2.064839e-001	
1.000000e-030	1.000000e-030	1.000000e-030	9.424829e-003	1.000000e-030	8.491659e-002	1.000000e-030	1.000000e-030	1.000000e-030	1.000000e-030	1.000000e-030	1.000000e-030	1.000000e-030	9.435054e-003	3.762151e-002	2.830539e-002	9.435054e-003	1.000000e-030	1.000000e-030	9.521869e-006	1.000000e-030	1.887012e-001	1.000000e-030	3.774051e-002	1.000000e-030	1.000000e-030	1.000000e-030	1.000000e-030	1.000000e-030	7.548043e-002	1.415258e-001	3.774041e-001	
