7.980904e-001	2.019096e-001	0.000000e+000	0.000000e+000	0.000000e+000	
0.000000e+000	7.551706e-001	2.448294e-001	0.000000e+000	0.000000e+000	
0.000000e+000	0.000000e+000	9.526397e-001	4.736030e-002	0.000000e+000	
0.000000e+000	0.000000e+000	0.000000e+000	9.462730e-001	5.372704e-002	
0.000000e+000	0.000000e+000	0.000000e+000	0.000000e+000	1.000000e+000	
1.000000e-030	1.000000e-030	1.000000e-030	1.000000e-030	1.000000e-030	3.942712e-001	1.000000e-030	1.000000e-030	1.000000e-030	1.000000e-030	1.000000e-030	1.000000e-030	1.000000e-030	1.000000e-030	1.000000e-030	1.000000e-030	1.000000e-030	1.000000e-030	1.000000e-030	1.000000e-030	1.000000e-030	1.000000e-030	1.000000e-030	1.000000e-030	1.000000e-030	1.000000e-030	1.000000e-030	1.000000e-030	1.000000e-030	1.000000e-030	1.000000e-030	6.057288e-001	
1.000000e-030	1.000000e-030	1.000000e-030	4.896588e-001	1.000000e-030	2.068235e-002	1.000000e-030	1.000000e-030	1.000000e-030	1.000000e-030	1.000000e-030	1.000000e-030	1.000000e-030	1.000000e-030	1.000000e-030	2.448294e-001	1.000000e-030	1.000000e-030	1.000000e-030	1.000000e-030	1.000000e-030	2.448294e-001	1.000000e-030	1.000000e-030	1.000000e-030	1.000000e-030	1.000000e-030	1.000000e-030	1.000000e-030	1.000000e-030	1.000000e-030	1.000000e-030	
1.000000e-030	1.000000e-030	1.000000e-030	1.000000e-030	1.000000e-030	4.244815e-001	1.000000e-030	1.000000e-030	1.000000e-030	1.000000e-030	1.000000e-030	1.000000e-030	1.000000e-030	1.000000e-030	1.000000e-030	1.000000e-030	1.000000e-030	1.000000e-030	1.000000e-030	1.000000e-030	1.000000e-030	2.351426e-001	1.000000e-030	4.736030e-002	1.000000e-030	1.000000e-030	1.000000e-030	1.000000e-030	1.000000e-030	1.000000e-030	1.000000e-030	2.930156e-001	
1.000000e-030	1.000000e-030	1.000000e-030	1.000000e-030	1.000000e-030	1.000000e-030	1.000000e-030	1.000000e-030	1.000000e-030	1.000000e-030	1.000000e-030	1.000000e-030	1.000000e-030	1.000000e-030	1.000000e-030	5.372704e-002	1.000000e-030	1.000000e-030	1.000000e-030	1.000000e-030	1.000000e-030	3.238467e-001	1.000000e-030	1.000000e-030	1.000000e-030	1.000000e-030	1.000000e-030	1.000000e-030	1.000000e-030	1.000000e-030	1.000000e-030	6.224262e-001	
1.000000e-030	1.000000e-030	1.000000e-030	9.976507e-003	1.000000e-030	9.976507e-003	1.000000e-030	1.000000e-030	1.000000e-030	1.000000e-030	9.976507e-003	1.000000e-030	1.000000e-030	1.000000e-030	4.988254e-002	1.097416e-001	9.976507e-003	1.000000e-030	1.000000e-030	3.890838e-001	1.000000e-030	5.993284e-002	1.000000e-030	1.000000e-030	1.000000e-030	1.000000e-030	1.000000e-030	1.000000e-030	1.000000e-030	5.985904e-002	1.795771e-001	1.120171e-001	
