6.344895e-001	3.655105e-001	0.000000e+000	0.000000e+000	0.000000e+000	
0.000000e+000	9.199860e-001	8.001396e-002	0.000000e+000	0.000000e+000	
0.000000e+000	0.000000e+000	8.974924e-001	1.025076e-001	0.000000e+000	
0.000000e+000	0.000000e+000	0.000000e+000	9.600174e-001	3.998258e-002	
0.000000e+000	0.000000e+000	0.000000e+000	0.000000e+000	1.000000e+000	
1.000000e-030	1.000000e-030	1.000000e-030	3.655105e-001	1.000000e-030	1.000000e-030	1.000000e-030	1.000000e-030	1.000000e-030	1.000000e-030	1.000000e-030	1.000000e-030	1.000000e-030	1.000000e-030	1.000000e-030	1.000000e-030	1.000000e-030	1.000000e-030	1.000000e-030	6.344806e-001	1.000000e-030	1.000000e-030	1.000000e-030	1.000000e-030	1.000000e-030	1.000000e-030	1.000000e-030	1.000000e-030	1.000000e-030	1.000000e-030	1.000000e-030	8.897316e-006	
1.000000e-030	1.000000e-030	1.000000e-030	1.000000e-030	1.000000e-030	6.159235e-014	1.000000e-030	1.000000e-030	1.000000e-030	1.000000e-030	1.000000e-030	1.000000e-030	1.000000e-030	1.000000e-030	1.000000e-030	4.000698e-001	1.000000e-030	1.000000e-030	1.000000e-030	1.011476e-001	1.000000e-030	1.000000e-030	1.000000e-030	4.485295e-002	1.000000e-030	1.000000e-030	1.000000e-030	1.000000e-030	1.000000e-030	1.000000e-030	1.000000e-030	4.539296e-001	
1.000000e-030	1.000000e-030	1.000000e-030	1.000000e-030	1.000000e-030	2.050152e-001	1.000000e-030	1.000000e-030	1.000000e-030	1.000000e-030	1.000000e-030	1.000000e-030	1.000000e-030	1.000000e-030	1.671244e-012	4.684584e-011	1.000000e-030	1.000000e-030	1.000000e-030	1.013896e-001	1.000000e-030	2.050152e-001	1.000000e-030	1.475531e-001	1.000000e-030	1.000000e-030	1.000000e-030	1.000000e-030	1.000000e-030	1.000000e-030	1.000000e-030	3.410269e-001	
1.000000e-030	1.000000e-030	1.000000e-030	1.000000e-030	1.000000e-030	1.000000e-030	1.000000e-030	1.000000e-030	1.000000e-030	1.000000e-030	3.998258e-002	1.000000e-030	1.000000e-030	1.000000e-030	1.999129e-001	1.000000e-030	3.998258e-002	1.000000e-030	1.000000e-030	4.360535e-004	1.000000e-030	1.000000e-030	3.998258e-002	1.000000e-030	1.000000e-030	1.000000e-030	1.000000e-030	1.000000e-030	1.000000e-030	1.000000e-030	6.797033e-001	4.143416e-018	
1.000000e-030	1.000000e-030	1.000000e-030	1.010101e-002	1.000000e-030	1.111111e-001	1.000000e-030	1.000000e-030	1.000000e-030	1.000000e-030	1.000000e-030	1.000000e-030	1.000000e-030	1.010101e-002	1.000000e-030	1.010101e-001	1.000000e-030	1.010101e-002	1.000000e-030	1.111111e-001	1.000000e-030	3.030303e-001	4.284137e-021	2.020202e-002	1.000000e-030	1.000000e-030	1.000000e-030	1.000000e-030	1.000000e-030	7.070706e-002	1.679907e-007	2.525252e-001	
