8.269880e-001	1.730120e-001	0.000000e+000	0.000000e+000	0.000000e+000	
0.000000e+000	8.736783e-001	1.263217e-001	0.000000e+000	0.000000e+000	
0.000000e+000	0.000000e+000	9.059073e-001	9.409268e-002	0.000000e+000	
0.000000e+000	0.000000e+000	0.000000e+000	9.428002e-001	5.719982e-002	
0.000000e+000	0.000000e+000	0.000000e+000	0.000000e+000	1.000000e+000	
1.000000e-030	1.000000e-030	1.000000e-030	1.000000e-030	1.000000e-030	1.000000e-030	1.000000e-030	1.000000e-030	1.000000e-030	1.000000e-030	1.000000e-030	1.000000e-030	1.000000e-030	1.000000e-030	1.000000e-030	1.617246e-001	1.000000e-030	1.000000e-030	1.000000e-030	1.000000e-030	1.000000e-030	4.257939e-001	1.000000e-030	1.000000e-030	1.000000e-030	1.000000e-030	1.000000e-030	1.000000e-030	1.000000e-030	1.000000e-030	1.000000e-030	4.124815e-001	
1.000000e-030	1.000000e-030	1.000000e-030	1.000000e-030	1.000000e-030	5.822925e-022	1.000000e-030	1.000000e-030	1.000000e-030	1.000000e-030	1.000000e-030	1.000000e-030	1.000000e-030	1.000000e-030	1.000000e-030	8.241312e-003	1.000000e-030	1.000000e-030	1.000000e-030	1.000000e-030	1.000000e-030	7.291245e-001	1.000000e-030	1.000000e-030	1.000000e-030	1.000000e-030	1.000000e-030	1.000000e-030	1.000000e-030	1.000000e-030	1.000000e-030	2.626342e-001	
1.000000e-030	1.000000e-030	1.000000e-030	1.000000e-030	1.000000e-030	7.909437e-007	1.000000e-030	1.000000e-030	1.000000e-030	1.000000e-030	1.000000e-030	1.000000e-030	1.000000e-030	1.000000e-030	1.000000e-030	1.132957e-009	1.000000e-030	1.000000e-030	1.000000e-030	1.000000e-030	1.000000e-030	6.987930e-001	1.000000e-030	1.000000e-030	1.000000e-030	1.000000e-030	1.000000e-030	1.000000e-030	1.000000e-030	1.000000e-030	1.000000e-030	3.012062e-001	
1.000000e-030	1.000000e-030	1.000000e-030	3.187482e-010	1.000000e-030	2.795609e-001	1.000000e-030	1.000000e-030	1.000000e-030	1.000000e-030	1.000000e-030	1.000000e-030	1.000000e-030	1.000000e-030	1.000000e-030	3.901805e-004	1.000000e-030	1.000000e-030	1.000000e-030	1.000000e-030	1.000000e-030	2.468312e-001	1.000000e-030	1.121135e-001	1.000000e-030	1.000000e-030	1.000000e-030	1.000000e-030	1.000000e-030	1.000000e-030	1.000000e-030	3.611042e-001	
1.000000e-030	1.000000e-030	1.000000e-030	6.530255e-002	1.000000e-030	7.568144e-002	1.000000e-030	1.000000e-030	1.000000e-030	1.000000e-030	1.000000e-030	1.000000e-030	1.000000e-030	1.000000e-030	5.597361e-002	9.265299e-003	1.865787e-002	1.000000e-030	1.000000e-030	1.865787e-002	1.000000e-030	2.427863e-001	1.000000e-030	1.903072e-002	1.000000e-030	1.000000e-030	1.000000e-030	1.000000e-030	1.000000e-030	5.597361e-002	1.399340e-001	2.987367e-001	
