8.800565e-001	1.199435e-001	0.000000e+000	0.000000e+000	0.000000e+000	
0.000000e+000	8.753086e-001	1.246914e-001	0.000000e+000	0.000000e+000	
0.000000e+000	0.000000e+000	9.264697e-001	7.353032e-002	0.000000e+000	
0.000000e+000	0.000000e+000	0.000000e+000	9.582680e-001	4.173203e-002	
0.000000e+000	0.000000e+000	0.000000e+000	0.000000e+000	1.000000e+000	
1.000000e-030	1.000000e-030	1.000000e-030	1.000000e-030	1.000000e-030	1.000000e-030	1.000000e-030	1.000000e-030	1.000000e-030	1.000000e-030	1.000000e-030	1.000000e-030	1.000000e-030	1.000000e-030	1.000000e-030	9.333794e-001	1.000000e-030	1.000000e-030	1.000000e-030	6.662056e-002	1.000000e-030	1.000000e-030	1.000000e-030	1.000000e-030	1.000000e-030	1.000000e-030	1.000000e-030	1.000000e-030	1.000000e-030	1.000000e-030	1.000000e-030	4.618950e-012	
1.000000e-030	1.000000e-030	1.000000e-030	1.000000e-030	1.000000e-030	1.000000e-030	1.000000e-030	1.000000e-030	1.000000e-030	1.000000e-030	1.000000e-030	1.000000e-030	1.000000e-030	1.000000e-030	1.000000e-030	9.447009e-001	1.000000e-030	1.000000e-030	1.000000e-030	5.529821e-002	1.000000e-030	1.000000e-030	1.000000e-030	1.000000e-030	1.000000e-030	1.000000e-030	1.000000e-030	1.000000e-030	1.000000e-030	1.000000e-030	1.000000e-030	9.056026e-007	
1.000000e-030	1.000000e-030	1.000000e-030	1.000000e-030	1.000000e-030	1.000000e-030	1.000000e-030	1.000000e-030	1.000000e-030	1.000000e-030	1.000000e-030	1.000000e-030	1.000000e-030	3.945313e-029	1.000000e-030	9.899309e-001	1.000000e-030	1.000000e-030	1.000000e-030	7.992319e-005	1.000000e-030	1.000000e-030	1.000000e-030	1.000000e-030	1.000000e-030	1.000000e-030	1.000000e-030	1.000000e-030	1.000000e-030	1.000000e-030	1.000000e-030	9.989167e-003	
1.000000e-030	1.000000e-030	1.000000e-030	1.000000e-030	1.000000e-030	1.000000e-030	1.000000e-030	1.000000e-030	1.000000e-030	1.000000e-030	1.000000e-030	1.000000e-030	1.000000e-030	2.238698e-007	1.000000e-030	9.639374e-001	1.000000e-030	1.000000e-030	1.000000e-030	2.862026e-011	1.000000e-030	1.000000e-030	1.000000e-030	1.000000e-030	1.000000e-030	1.000000e-030	1.000000e-030	1.000000e-030	1.000000e-030	1.000000e-030	1.000000e-030	3.606239e-002	
1.000000e-030	1.000000e-030	9.465643e-002	1.051738e-002	1.000000e-030	1.000000e-030	8.413905e-002	1.000000e-030	1.000000e-030	1.000000e-030	1.000000e-030	1.000000e-030	1.000000e-030	8.413899e-002	1.051738e-002	6.318917e-001	1.000000e-030	1.000000e-030	5.258690e-002	1.000000e-030	1.000000e-030	1.000000e-030	3.155214e-002	1.000000e-030	1.000000e-030	1.000000e-030	1.000000e-030	1.000000e-030	1.000000e-030	1.000000e-030	1.000000e-030	8.486823e-013	
