8.742235e-001	1.257765e-001	0.000000e+000	0.000000e+000	0.000000e+000	
0.000000e+000	8.521692e-001	1.478308e-001	0.000000e+000	0.000000e+000	
0.000000e+000	0.000000e+000	9.452599e-001	5.474011e-002	0.000000e+000	
0.000000e+000	0.000000e+000	0.000000e+000	9.648066e-001	3.519337e-002	
0.000000e+000	0.000000e+000	0.000000e+000	0.000000e+000	1.000000e+000	
1.000000e-030	1.000000e-030	1.000000e-030	1.000000e-030	1.000000e-030	1.000000e-030	1.000000e-030	1.000000e-030	1.000000e-030	1.000000e-030	1.000000e-030	1.000000e-030	1.000000e-030	1.000000e-030	1.000000e-030	1.000000e+000	1.000000e-030	1.000000e-030	1.000000e-030	7.363475e-011	1.000000e-030	1.000000e-030	1.000000e-030	1.000000e-030	1.000000e-030	1.000000e-030	1.000000e-030	1.000000e-030	1.000000e-030	1.000000e-030	1.000000e-030	1.000000e-030	
1.000000e-030	1.000000e-030	1.000000e-030	1.000000e-030	1.000000e-030	1.000000e-030	1.000000e-030	1.000000e-030	1.000000e-030	1.000000e-030	1.000000e-030	1.000000e-030	1.000000e-030	1.000000e-030	1.000000e-030	9.987776e-001	1.000000e-030	1.000000e-030	1.000000e-030	1.222421e-003	1.000000e-030	1.000000e-030	1.000000e-030	1.000000e-030	1.000000e-030	1.000000e-030	1.000000e-030	1.000000e-030	1.000000e-030	1.000000e-030	1.000000e-030	1.000000e-030	
1.000000e-030	1.000000e-030	1.000000e-030	2.269149e-016	1.000000e-030	1.000000e-030	1.000000e-030	1.000000e-030	1.000000e-030	1.000000e-030	1.000000e-030	1.000000e-030	1.000000e-030	1.000000e-030	1.000000e-030	6.880592e-001	1.000000e-030	1.000000e-030	1.000000e-030	3.119408e-001	1.000000e-030	1.000000e-030	1.000000e-030	1.000000e-030	1.000000e-030	1.000000e-030	1.000000e-030	1.000000e-030	1.000000e-030	1.000000e-030	1.000000e-030	1.000000e-030	
1.000000e-030	1.000000e-030	1.000000e-030	3.519336e-002	1.000000e-030	1.000000e-030	1.000000e-030	1.000000e-030	1.000000e-030	1.000000e-030	1.000000e-030	1.000000e-030	1.000000e-030	1.496565e-012	1.000000e-030	3.919777e-001	1.000000e-030	1.000000e-030	1.000000e-030	5.728289e-001	1.000000e-030	1.000000e-030	1.000000e-030	1.000000e-030	1.000000e-030	1.000000e-030	1.000000e-030	1.000000e-030	1.000000e-030	1.000000e-030	1.000000e-030	1.000000e-030	
3.424567e-002	1.000000e-030	4.566089e-002	2.283045e-002	1.000000e-030	1.000000e-030	9.132179e-002	1.000000e-030	4.566089e-002	1.000000e-030	1.000000e-030	1.000000e-030	1.000000e-030	4.566089e-002	1.000000e-030	5.888632e-001	2.283045e-002	1.000000e-030	3.424567e-002	2.301924e-002	1.000000e-030	1.000000e-030	4.566089e-002	1.000000e-030	1.000000e-030	1.000000e-030	1.000000e-030	1.000000e-030	1.000000e-030	1.000000e-030	1.000000e-030	1.000000e-030	
