6.210748e-001	3.789252e-001	0.000000e+000	0.000000e+000	0.000000e+000	
0.000000e+000	8.692635e-001	1.307365e-001	0.000000e+000	0.000000e+000	
0.000000e+000	0.000000e+000	8.945762e-001	1.054238e-001	0.000000e+000	
0.000000e+000	0.000000e+000	0.000000e+000	9.517617e-001	4.823830e-002	
0.000000e+000	0.000000e+000	0.000000e+000	0.000000e+000	1.000000e+000	
1.000000e-030	1.000000e-030	1.000000e-030	1.000000e-030	1.000000e-030	1.000000e-030	1.000000e-030	1.000000e-030	1.000000e-030	1.000000e-030	1.000000e-030	1.000000e-030	1.000000e-030	1.000000e-030	1.000000e-030	9.999790e-001	1.000000e-030	1.000000e-030	1.000000e-030	2.095432e-005	1.000000e-030	1.000000e-030	1.000000e-030	1.000000e-030	1.000000e-030	1.000000e-030	1.000000e-030	1.000000e-030	1.000000e-030	1.000000e-030	1.000000e-030	1.000000e-030	
1.000000e-030	1.000000e-030	1.000000e-030	1.000000e-030	1.000000e-030	1.000000e-030	1.000000e-030	1.000000e-030	1.000000e-030	1.000000e-030	1.000000e-030	1.000000e-030	1.000000e-030	1.000000e-030	1.000000e-030	2.106288e-001	1.000000e-030	1.000000e-030	1.000000e-030	7.893712e-001	1.000000e-030	1.000000e-030	1.000000e-030	1.000000e-030	1.000000e-030	1.000000e-030	1.000000e-030	1.000000e-030	1.000000e-030	1.000000e-030	1.000000e-030	9.676646e-027	
1.000000e-030	1.000000e-030	1.000000e-030	9.172846e-027	1.000000e-030	1.000000e-030	1.000000e-030	1.000000e-030	1.000000e-030	1.000000e-030	1.000000e-030	1.000000e-030	1.000000e-030	1.000000e-030	1.000000e-030	5.815998e-001	1.000000e-030	1.000000e-030	1.000000e-030	4.176960e-001	1.000000e-030	1.000000e-030	1.000000e-030	1.000000e-030	1.000000e-030	1.000000e-030	1.000000e-030	1.000000e-030	1.000000e-030	1.000000e-030	1.000000e-030	7.042189e-004	
1.000000e-030	1.000000e-030	1.000000e-030	2.411912e-001	1.000000e-030	1.000000e-030	1.000000e-030	1.000000e-030	1.000000e-030	1.000000e-030	1.000000e-030	1.000000e-030	1.000000e-030	3.085209e-021	1.000000e-030	5.191243e-001	1.000000e-030	1.000000e-030	1.000000e-030	3.890187e-016	1.000000e-030	1.000000e-030	1.000000e-030	1.000000e-030	1.000000e-030	1.000000e-030	1.000000e-030	1.000000e-030	1.000000e-030	1.000000e-030	1.000000e-030	2.396845e-001	
2.765078e-002	1.000000e-030	4.608463e-002	9.216981e-003	1.000000e-030	1.000000e-030	7.373541e-002	1.000000e-030	3.686770e-002	1.000000e-030	1.000000e-030	1.000000e-030	1.000000e-030	4.608463e-002	1.000000e-030	6.587473e-001	1.000000e-030	1.000000e-030	2.765078e-002	1.843385e-002	1.000000e-030	1.000000e-030	3.686770e-002	1.000000e-030	1.000000e-030	1.000000e-030	1.000000e-030	1.000000e-030	1.000000e-030	1.000000e-030	1.000000e-030	1.866023e-002	
