6.507935e-001	3.492065e-001	0.000000e+000	0.000000e+000	0.000000e+000	
0.000000e+000	5.327270e-001	4.672730e-001	0.000000e+000	0.000000e+000	
0.000000e+000	0.000000e+000	9.660731e-001	3.392686e-002	0.000000e+000	
0.000000e+000	0.000000e+000	0.000000e+000	9.298372e-001	7.016276e-002	
0.000000e+000	0.000000e+000	0.000000e+000	0.000000e+000	1.000000e+000	
1.000000e-030	1.000000e-030	1.000000e-030	1.000000e-030	1.000000e-030	1.000000e-030	1.000000e-030	1.000000e-030	1.000000e-030	1.000000e-030	1.000000e-030	1.000000e-030	1.000000e-030	1.000000e-030	1.000000e-030	6.980195e-001	1.000000e-030	1.000000e-030	1.000000e-030	3.056006e-003	1.000000e-030	1.000000e-030	1.000000e-030	2.989245e-001	1.000000e-030	1.000000e-030	1.000000e-030	1.000000e-030	1.000000e-030	1.000000e-030	1.000000e-030	1.000000e-030	
1.000000e-030	1.000000e-030	1.000000e-030	1.000000e-030	1.000000e-030	1.000000e-030	1.000000e-030	1.000000e-030	1.000000e-030	1.000000e-030	1.000000e-030	1.000000e-030	1.000000e-030	1.000000e-030	1.000000e-030	2.260745e-003	1.000000e-030	1.000000e-030	1.000000e-030	9.304568e-001	1.000000e-030	1.000000e-030	1.000000e-030	6.728241e-002	1.000000e-030	1.000000e-030	1.000000e-030	1.000000e-030	1.000000e-030	1.000000e-030	1.000000e-030	1.000000e-030	
1.000000e-030	1.000000e-030	1.000000e-030	1.637279e-016	1.000000e-030	1.000000e-030	1.000000e-030	1.000000e-030	1.000000e-030	1.000000e-030	1.000000e-030	1.000000e-030	1.000000e-030	1.000000e-030	1.000000e-030	1.000000e+000	1.000000e-030	1.000000e-030	1.000000e-030	1.650218e-012	1.000000e-030	1.000000e-030	1.000000e-030	1.000000e-030	1.000000e-030	1.000000e-030	1.000000e-030	1.000000e-030	1.000000e-030	1.000000e-030	1.000000e-030	1.000000e-030	
1.000000e-030	1.000000e-030	1.000000e-030	1.398548e-001	1.000000e-030	1.000000e-030	1.000000e-030	1.000000e-030	1.000000e-030	1.000000e-030	1.000000e-030	1.000000e-030	1.000000e-030	1.000000e-030	2.130626e-010	7.199652e-001	1.000000e-030	1.000000e-030	1.000000e-030	1.000000e-030	1.000000e-030	1.000000e-030	1.000000e-030	1.000000e-030	1.000000e-030	1.000000e-030	1.000000e-030	1.000000e-030	1.000000e-030	1.000000e-030	1.000000e-030	1.401800e-001	
9.973217e-003	1.000000e-030	8.975896e-002	2.998656e-002	1.000000e-030	1.000000e-030	8.975896e-002	1.000000e-030	1.000000e-030	1.000000e-030	1.000000e-030	1.000000e-030	1.000000e-030	2.991965e-002	1.994643e-002	5.610909e-001	9.973217e-003	1.000000e-030	3.989287e-002	5.983930e-002	1.000000e-030	1.000000e-030	2.991965e-002	1.000000e-030	1.000000e-030	1.000000e-030	1.000000e-030	1.000000e-030	1.000000e-030	1.000000e-030	1.000000e-030	2.994033e-002	
