8.805909e-001	1.194091e-001	0.000000e+000	0.000000e+000	0.000000e+000	
0.000000e+000	8.750064e-001	1.249936e-001	0.000000e+000	0.000000e+000	
0.000000e+000	0.000000e+000	8.599179e-001	1.400821e-001	0.000000e+000	
0.000000e+000	0.000000e+000	0.000000e+000	9.677218e-001	3.227816e-002	
0.000000e+000	0.000000e+000	0.000000e+000	0.000000e+000	1.000000e+000	
1.000000e-030	1.000000e-030	1.000000e-030	1.000000e-030	1.000000e-030	1.000000e-030	1.000000e-030	1.000000e-030	1.000000e-030	1.000000e-030	1.000000e-030	1.000000e-030	1.000000e-030	1.000000e-030	1.000000e-030	2.796399e-001	1.000000e-030	1.000000e-030	1.000000e-030	7.203601e-001	1.000000e-030	1.000000e-030	1.000000e-030	1.000000e-030	1.000000e-030	1.000000e-030	1.000000e-030	1.000000e-030	1.000000e-030	1.000000e-030	1.000000e-030	1.000000e-030	
1.000000e-030	1.000000e-030	1.000000e-030	1.000000e-030	1.000000e-030	1.000000e-030	1.000000e-030	1.000000e-030	1.000000e-030	1.000000e-030	1.000000e-030	1.000000e-030	1.000000e-030	1.000000e-030	1.000000e-030	6.291137e-001	1.000000e-030	1.000000e-030	1.000000e-030	3.708863e-001	1.000000e-030	1.000000e-030	1.000000e-030	1.000000e-030	1.000000e-030	1.000000e-030	1.000000e-030	1.000000e-030	1.000000e-030	1.000000e-030	1.000000e-030	6.462872e-029	
1.000000e-030	1.000000e-030	1.000000e-030	1.000000e-030	1.000000e-030	1.000000e-030	1.000000e-030	1.000000e-030	1.000000e-030	1.000000e-030	1.000000e-030	1.000000e-030	1.000000e-030	1.000000e-030	1.000000e-030	7.224525e-001	1.000000e-030	1.000000e-030	1.000000e-030	5.079299e-022	1.000000e-030	1.000000e-030	1.000000e-030	1.000000e-030	1.000000e-030	1.000000e-030	1.000000e-030	1.000000e-030	1.000000e-030	1.000000e-030	1.000000e-030	2.775475e-001	
1.000000e-030	1.000000e-030	1.000000e-030	3.227816e-002	1.000000e-030	1.000000e-030	1.000000e-030	1.000000e-030	1.000000e-030	1.000000e-030	1.000000e-030	1.000000e-030	1.000000e-030	1.000000e-030	1.000000e-030	2.391804e-001	1.000000e-030	1.000000e-030	1.000000e-030	6.956603e-001	1.000000e-030	1.000000e-030	1.000000e-030	1.000000e-030	1.000000e-030	1.000000e-030	1.000000e-030	1.000000e-030	1.000000e-030	1.000000e-030	1.000000e-030	3.288112e-002	
1.058138e-002	1.000000e-030	1.058138e-001	1.000000e-030	1.000000e-030	1.000000e-030	5.290689e-002	1.000000e-030	1.000000e-030	1.000000e-030	1.000000e-030	1.000000e-030	1.000000e-030	9.523240e-002	1.000000e-030	4.767719e-001	2.116276e-002	1.000000e-030	3.174413e-002	1.740426e-001	1.000000e-030	1.000000e-030	1.058138e-002	2.116276e-002	1.000000e-030	1.000000e-030	1.000000e-030	1.000000e-030	1.000000e-030	1.000000e-030	1.000000e-030	1.000000e-030	
