8.801299e-001	1.198701e-001	0.000000e+000	0.000000e+000	0.000000e+000	
0.000000e+000	9.153333e-001	8.466671e-002	0.000000e+000	0.000000e+000	
0.000000e+000	0.000000e+000	9.255418e-001	7.445819e-002	0.000000e+000	
0.000000e+000	0.000000e+000	0.000000e+000	9.240936e-001	7.590640e-002	
0.000000e+000	0.000000e+000	0.000000e+000	0.000000e+000	1.000000e+000	
1.000000e-030	1.000000e-030	1.000000e-030	1.000000e-030	1.000000e-030	1.000000e-030	1.000000e-030	1.000000e-030	1.000000e-030	1.000000e-030	1.000000e-030	1.000000e-030	1.000000e-030	1.000000e-030	1.000000e-030	9.973936e-001	1.000000e-030	1.000000e-030	1.000000e-030	1.000000e-030	1.000000e-030	1.000000e-030	1.000000e-030	1.000000e-030	1.000000e-030	1.000000e-030	1.000000e-030	1.000000e-030	1.000000e-030	1.000000e-030	1.000000e-030	2.606419e-003	
1.000000e-030	1.000000e-030	1.000000e-030	1.000000e-030	1.000000e-030	1.000000e-030	1.000000e-030	1.000000e-030	1.000000e-030	1.000000e-030	1.000000e-030	1.000000e-030	1.000000e-030	1.000000e-030	1.000000e-030	9.553859e-001	1.000000e-030	1.000000e-030	1.000000e-030	1.000000e-030	1.000000e-030	1.000000e-030	1.000000e-030	1.000000e-030	1.000000e-030	1.000000e-030	1.000000e-030	1.000000e-030	1.000000e-030	1.000000e-030	1.000000e-030	4.461412e-002	
1.000000e-030	1.000000e-030	1.000000e-030	1.206031e-017	1.000000e-030	1.000000e-030	1.000000e-030	1.000000e-030	1.000000e-030	1.000000e-030	1.000000e-030	1.000000e-030	1.000000e-030	1.000000e-030	1.000000e-030	9.447764e-001	1.000000e-030	1.000000e-030	1.000000e-030	1.365506e-029	1.000000e-030	1.000000e-030	1.000000e-030	1.000000e-030	1.000000e-030	1.000000e-030	1.000000e-030	1.000000e-030	1.000000e-030	1.000000e-030	1.000000e-030	5.522363e-002	
1.000000e-030	1.000000e-030	1.000000e-030	2.348095e-004	1.000000e-030	1.000000e-030	1.000000e-030	1.000000e-030	1.000000e-030	1.000000e-030	1.000000e-030	1.000000e-030	1.000000e-030	1.000000e-030	1.000000e-030	9.478404e-001	1.000000e-030	1.000000e-030	1.000000e-030	4.467882e-009	1.000000e-030	1.000000e-030	1.000000e-030	1.000000e-030	1.000000e-030	1.000000e-030	1.000000e-030	1.000000e-030	1.000000e-030	1.000000e-030	1.000000e-030	5.192474e-002	
1.271491e-001	1.000000e-030	1.000000e-030	3.909256e-002	1.000000e-030	1.000000e-030	1.956141e-002	1.000000e-030	1.000000e-030	1.000000e-030	1.000000e-030	1.000000e-030	1.000000e-030	5.868422e-002	1.000000e-030	6.281133e-001	1.000000e-030	1.000000e-030	1.956141e-002	2.934211e-002	1.000000e-030	1.000000e-030	1.000000e-030	9.780703e-003	1.000000e-030	1.000000e-030	1.000000e-030	1.000000e-030	1.000000e-030	1.000000e-030	1.000000e-030	6.871513e-002	
