8.382308e-001	1.617692e-001	0.000000e+000	0.000000e+000	0.000000e+000	
0.000000e+000	9.099680e-001	9.003200e-002	0.000000e+000	0.000000e+000	
0.000000e+000	0.000000e+000	9.684653e-001	3.153467e-002	0.000000e+000	
0.000000e+000	0.000000e+000	0.000000e+000	8.333089e-001	1.666911e-001	
0.000000e+000	0.000000e+000	0.000000e+000	0.000000e+000	1.000000e+000	
1.000000e-030	1.000000e-030	1.000000e-030	1.000000e-030	1.000000e-030	1.000000e-030	1.000000e-030	1.000000e-030	1.000000e-030	1.000000e-030	1.000000e-030	1.000000e-030	1.000000e-030	1.000000e-030	1.000000e-030	1.232459e-001	1.000000e-030	1.000000e-030	1.000000e-030	1.000000e-030	1.000000e-030	1.925068e-008	1.000000e-030	1.000000e-030	1.000000e-030	1.000000e-030	1.000000e-030	1.000000e-030	1.000000e-030	1.000000e-030	1.000000e-030	8.767541e-001	
1.000000e-030	1.000000e-030	1.000000e-030	1.000000e-030	1.000000e-030	1.000000e-030	1.000000e-030	1.000000e-030	1.000000e-030	1.000000e-030	1.000000e-030	1.000000e-030	1.000000e-030	1.000000e-030	1.000000e-030	2.176776e-001	1.000000e-030	1.000000e-030	1.000000e-030	1.000000e-030	1.000000e-030	6.287317e-002	1.000000e-030	1.000000e-030	1.000000e-030	1.363271e-002	1.000000e-030	1.000000e-030	1.000000e-030	1.000000e-030	1.000000e-030	7.058165e-001	
1.000000e-030	1.000000e-030	1.000000e-030	1.000000e-030	1.000000e-030	1.000000e-030	1.000000e-030	1.000000e-030	1.000000e-030	1.000000e-030	1.000000e-030	1.000000e-030	1.000000e-030	2.909722e-014	1.000000e-030	1.835431e-001	1.000000e-030	1.000000e-030	1.000000e-030	1.000000e-030	1.000000e-030	7.258201e-002	1.000000e-030	1.000000e-030	1.000000e-030	2.675967e-002	1.000000e-030	1.000000e-030	1.000000e-030	1.000000e-030	1.000000e-030	7.171152e-001	
1.000000e-030	1.000000e-030	1.000000e-030	1.000000e-030	1.000000e-030	1.000000e-030	1.000000e-030	1.000000e-030	1.000000e-030	1.000000e-030	1.000000e-030	1.000000e-030	1.000000e-030	1.666911e-001	1.000000e-030	1.000000e-030	1.000000e-030	1.665332e-001	1.000000e-030	1.000000e-030	1.000000e-030	1.666911e-001	1.000000e-030	1.000000e-030	1.000000e-030	5.000734e-001	1.000000e-030	1.000000e-030	1.000000e-030	1.000000e-030	1.000000e-030	1.122854e-005	
2.127638e-002	1.000000e-030	1.000000e-030	1.000000e-030	1.000000e-030	1.000000e-030	4.255276e-002	1.000000e-030	1.000000e-030	1.000000e-030	1.000000e-030	1.000000e-030	1.000000e-030	5.319095e-002	1.000000e-030	2.659548e-001	1.000000e-030	1.007996e-005	1.595729e-001	1.000000e-030	1.000000e-030	1.063819e-002	1.000000e-030	1.000000e-030	1.000000e-030	1.521587e-021	1.000000e-030	1.000000e-030	1.000000e-030	1.000000e-030	1.000000e-030	4.468040e-001	
