8.571429e-001	1.428571e-001	0.000000e+000	0.000000e+000	0.000000e+000	
0.000000e+000	6.666667e-001	3.333333e-001	0.000000e+000	0.000000e+000	
0.000000e+000	0.000000e+000	8.880761e-001	1.119239e-001	0.000000e+000	
0.000000e+000	0.000000e+000	0.000000e+000	9.559541e-001	4.404590e-002	
0.000000e+000	0.000000e+000	0.000000e+000	0.000000e+000	1.000000e+000	
1.000000e-030	1.000000e-030	1.000000e-030	1.000000e-030	1.000000e-030	2.857143e-001	1.000000e-030	1.000000e-030	1.000000e-030	1.000000e-030	1.000000e-030	1.000000e-030	1.000000e-030	1.000000e-030	1.000000e-030	1.000000e-030	1.000000e-030	1.428571e-001	1.000000e-030	1.000000e-030	1.000000e-030	4.285714e-001	1.000000e-030	1.428571e-001	1.000000e-030	1.000000e-030	1.000000e-030	1.000000e-030	1.000000e-030	1.000000e-030	1.000000e-030	1.000000e-030	
1.000000e-030	1.000000e-030	1.000000e-030	1.000000e-030	1.000000e-030	1.568689e-014	1.000000e-030	1.000000e-030	1.000000e-030	1.000000e-030	1.000000e-030	1.000000e-030	1.000000e-030	1.000000e-030	1.000000e-030	1.000000e-030	1.000000e-030	1.000000e-030	1.000000e-030	1.000000e-030	1.000000e-030	1.000000e-030	1.000000e-030	6.666667e-001	1.000000e-030	1.000000e-030	1.000000e-030	1.000000e-030	1.000000e-030	1.000000e-030	1.000000e-030	3.333333e-001	
1.000000e-030	1.000000e-030	1.000000e-030	1.000000e-030	1.000000e-030	3.931596e-001	1.000000e-030	1.000000e-030	1.000000e-030	1.000000e-030	1.000000e-030	1.000000e-030	1.000000e-030	1.000000e-030	1.000000e-030	1.000000e-030	1.000000e-030	1.000000e-030	1.000000e-030	1.000000e-030	1.000000e-030	6.068404e-001	1.000000e-030	1.000000e-030	1.000000e-030	1.000000e-030	1.000000e-030	1.000000e-030	1.000000e-030	1.000000e-030	1.000000e-030	1.000000e-030	
1.000000e-030	1.000000e-030	1.000000e-030	2.183894e-001	1.000000e-030	1.963366e-001	1.000000e-030	1.000000e-030	1.000000e-030	1.000000e-030	1.000000e-030	1.000000e-030	1.000000e-030	1.000000e-030	1.000000e-030	1.000000e-030	1.000000e-030	4.404587e-002	1.000000e-030	1.000000e-030	1.000000e-030	4.541502e-001	1.000000e-030	1.000000e-030	1.000000e-030	1.000000e-030	1.000000e-030	1.000000e-030	1.000000e-030	1.000000e-030	1.000000e-030	8.707782e-002	
8.382872e-002	1.000000e-030	1.000000e-030	2.833202e-002	1.000000e-030	1.120484e-001	3.725721e-002	1.000000e-030	1.000000e-030	1.000000e-030	1.000000e-030	1.000000e-030	1.000000e-030	6.520012e-002	1.862861e-002	1.862861e-002	1.000000e-030	9.314308e-003	1.024573e-001	9.314303e-003	1.000000e-030	3.098613e-001	1.000000e-030	4.657151e-002	1.000000e-030	9.314303e-003	1.000000e-030	1.000000e-030	1.000000e-030	1.862861e-002	1.000000e-030	1.306147e-001	
