7.551403e-001	2.448597e-001	0.000000e+000	0.000000e+000	0.000000e+000	
0.000000e+000	9.028852e-001	9.711480e-002	0.000000e+000	0.000000e+000	
0.000000e+000	0.000000e+000	8.076173e-001	1.923827e-001	0.000000e+000	
0.000000e+000	0.000000e+000	0.000000e+000	9.763847e-001	2.361530e-002	
0.000000e+000	0.000000e+000	0.000000e+000	0.000000e+000	1.000000e+000	
1.000000e-030	1.000000e-030	1.000000e-030	1.000000e-030	1.000000e-030	1.000000e-030	1.000000e-030	1.000000e-030	1.000000e-030	1.000000e-030	1.000000e-030	1.000000e-030	1.000000e-030	4.831988e-001	1.000000e-030	3.274367e-013	1.000000e-030	1.000000e-030	1.000000e-030	4.897194e-001	1.000000e-030	1.000000e-030	1.000000e-030	1.000000e-030	1.000000e-030	1.000000e-030	1.000000e-030	1.000000e-030	1.000000e-030	1.000000e-030	1.000000e-030	2.708172e-002	
1.000000e-030	1.000000e-030	1.000000e-030	1.000000e-030	1.000000e-030	1.000000e-030	1.000000e-030	1.000000e-030	1.000000e-030	1.000000e-030	1.000000e-030	1.000000e-030	1.000000e-030	1.331330e-002	1.000000e-030	8.031983e-001	1.000000e-030	1.000000e-030	1.000000e-030	1.112973e-018	1.000000e-030	1.000000e-030	1.000000e-030	3.825560e-016	1.000000e-030	1.000000e-030	1.000000e-030	1.000000e-030	1.000000e-030	1.000000e-030	1.000000e-030	1.834884e-001	
1.000000e-030	1.000000e-030	1.000000e-030	1.000000e-030	1.000000e-030	1.000000e-030	1.000000e-030	1.000000e-030	1.000000e-030	1.000000e-030	1.000000e-030	1.000000e-030	1.000000e-030	1.711324e-001	1.000000e-030	4.440995e-001	1.000000e-030	1.000000e-030	1.000000e-030	1.000000e-030	1.000000e-030	1.000000e-030	1.000000e-030	3.847653e-001	1.000000e-030	1.000000e-030	1.000000e-030	1.000000e-030	1.000000e-030	1.000000e-030	1.000000e-030	2.740419e-006	
1.000000e-030	1.000000e-030	1.000000e-030	1.000000e-030	1.000000e-030	1.000000e-030	1.000000e-030	1.000000e-030	1.000000e-030	1.000000e-030	1.000000e-030	1.000000e-030	1.000000e-030	1.000000e-030	1.000000e-030	2.696548e-001	1.000000e-030	1.000000e-030	1.000000e-030	3.278127e-013	1.000000e-030	8.438376e-002	1.000000e-030	1.199347e-011	1.000000e-030	1.000000e-030	1.000000e-030	1.000000e-030	1.000000e-030	1.000000e-030	1.000000e-030	6.459614e-001	
1.033585e-001	1.000000e-030	1.000000e-030	3.445285e-002	1.000000e-030	1.000000e-030	4.593713e-002	1.000000e-030	1.000000e-030	1.000000e-030	1.000000e-030	1.000000e-030	1.000000e-030	8.038997e-002	1.000000e-030	1.493224e-001	1.000000e-030	1.000000e-030	8.038997e-002	1.148428e-002	1.000000e-030	1.638501e-002	1.000000e-030	1.000000e-030	1.000000e-030	1.000000e-030	1.000000e-030	1.000000e-030	1.000000e-030	1.000000e-030	1.000000e-030	4.782799e-001	
