7.714981e-001	2.285019e-001	0.000000e+000	0.000000e+000	0.000000e+000	
0.000000e+000	8.860768e-001	1.139232e-001	0.000000e+000	0.000000e+000	
0.000000e+000	0.000000e+000	9.180690e-001	8.193099e-002	0.000000e+000	
0.000000e+000	0.000000e+000	0.000000e+000	9.508465e-001	4.915350e-002	
0.000000e+000	0.000000e+000	0.000000e+000	0.000000e+000	1.000000e+000	
1.000000e-030	1.000000e-030	1.000000e-030	1.000000e-030	1.000000e-030	1.000000e-030	1.000000e-030	1.000000e-030	1.000000e-030	1.000000e-030	1.000000e-030	1.000000e-030	1.000000e-030	1.000000e-030	1.000000e-030	6.855090e-001	1.000000e-030	1.000000e-030	1.000000e-030	1.000000e-030	1.000000e-030	1.000000e-030	1.000000e-030	1.000000e-030	1.000000e-030	1.000000e-030	1.000000e-030	1.000000e-030	1.000000e-030	1.000000e-030	1.000000e-030	3.144910e-001	
1.000000e-030	1.000000e-030	1.000000e-030	1.000000e-030	1.000000e-030	1.000000e-030	1.000000e-030	1.000000e-030	1.000000e-030	1.000000e-030	1.000000e-030	1.000000e-030	1.000000e-030	1.000000e-030	1.000000e-030	1.416817e-029	1.000000e-030	1.000000e-030	1.000000e-030	1.000000e-030	1.000000e-030	1.000000e-030	1.000000e-030	1.000000e-030	1.000000e-030	1.000000e-030	1.000000e-030	1.000000e-030	1.000000e-030	1.000000e-030	1.000000e-030	1.000000e+000	
1.000000e-030	1.000000e-030	1.000000e-030	5.786814e-017	1.000000e-030	1.000000e-030	1.000000e-030	1.000000e-030	1.000000e-030	1.000000e-030	1.000000e-030	1.000000e-030	1.000000e-030	1.000000e-030	1.000000e-030	5.559099e-001	1.000000e-030	1.000000e-030	1.000000e-030	1.000000e-030	1.000000e-030	1.000000e-030	1.000000e-030	1.000000e-030	1.000000e-030	1.000000e-030	1.000000e-030	1.000000e-030	1.000000e-030	1.000000e-030	1.000000e-030	4.440901e-001	
1.000000e-030	1.000000e-030	1.000000e-030	1.958332e-001	1.000000e-030	1.000000e-030	1.000000e-030	1.000000e-030	1.000000e-030	1.000000e-030	1.000000e-030	1.000000e-030	1.000000e-030	1.000000e-030	1.000000e-030	1.048506e-001	1.000000e-030	1.000000e-030	1.000000e-030	1.000000e-030	1.000000e-030	4.915187e-002	1.000000e-030	1.000000e-030	1.000000e-030	1.000000e-030	1.000000e-030	1.000000e-030	1.000000e-030	1.000000e-030	1.000000e-030	6.501644e-001	
7.744734e-002	1.000000e-030	1.000000e-030	9.834700e-003	1.000000e-030	1.000000e-030	1.936183e-002	1.000000e-030	1.000000e-030	1.000000e-030	1.000000e-030	1.000000e-030	1.000000e-030	8.712825e-002	1.000000e-030	2.815381e-001	1.000000e-030	1.000000e-030	8.712825e-002	1.936183e-002	1.000000e-030	3.872399e-002	1.000000e-030	9.680917e-003	1.000000e-030	9.680917e-003	1.000000e-030	1.000000e-030	1.000000e-030	1.000000e-030	1.000000e-030	3.601138e-001	
