8.010642e-001	1.989358e-001	0.000000e+000	0.000000e+000	0.000000e+000	
0.000000e+000	9.164971e-001	8.350292e-002	0.000000e+000	0.000000e+000	
0.000000e+000	0.000000e+000	9.305699e-001	6.943011e-002	0.000000e+000	
0.000000e+000	0.000000e+000	0.000000e+000	9.390870e-001	6.091299e-002	
0.000000e+000	0.000000e+000	0.000000e+000	0.000000e+000	1.000000e+000	
1.000000e-030	1.000000e-030	1.000000e-030	1.000000e-030	1.000000e-030	1.000000e-030	1.000000e-030	1.000000e-030	1.000000e-030	1.000000e-030	1.000000e-030	1.000000e-030	1.000000e-030	1.000000e-030	1.000000e-030	8.018458e-001	1.000000e-030	1.000000e-030	1.000000e-030	1.000000e-030	1.000000e-030	1.000000e-030	1.000000e-030	1.272881e-026	1.000000e-030	1.000000e-030	1.000000e-030	1.000000e-030	1.000000e-030	1.000000e-030	1.000000e-030	1.981542e-001	
1.000000e-030	1.000000e-030	1.000000e-030	1.000000e-030	1.000000e-030	1.000000e-030	1.000000e-030	1.000000e-030	1.000000e-030	1.000000e-030	1.000000e-030	1.000000e-030	1.000000e-030	1.000000e-030	1.000000e-030	9.996723e-001	1.000000e-030	1.000000e-030	1.000000e-030	1.000000e-030	1.000000e-030	1.000000e-030	1.000000e-030	4.724023e-012	1.000000e-030	1.000000e-030	1.000000e-030	1.000000e-030	1.000000e-030	1.000000e-030	1.000000e-030	3.276582e-004	
1.000000e-030	1.000000e-030	1.000000e-030	1.000000e-030	1.000000e-030	1.000000e-030	1.000000e-030	1.000000e-030	1.000000e-030	1.000000e-030	1.000000e-030	1.000000e-030	1.000000e-030	1.000000e-030	1.000000e-030	9.999938e-001	1.000000e-030	1.000000e-030	1.000000e-030	1.000000e-030	1.000000e-030	1.000000e-030	1.000000e-030	6.148988e-010	1.000000e-030	1.000000e-030	1.000000e-030	1.000000e-030	1.000000e-030	1.000000e-030	1.000000e-030	6.207762e-006	
1.000000e-030	1.000000e-030	1.000000e-030	1.000000e-030	1.000000e-030	1.000000e-030	1.000000e-030	1.000000e-030	1.000000e-030	1.000000e-030	1.000000e-030	1.000000e-030	1.000000e-030	7.684350e-008	1.000000e-030	8.788365e-001	1.000000e-030	1.000000e-030	1.000000e-030	1.000000e-030	1.000000e-030	1.000000e-030	1.000000e-030	6.051526e-002	1.000000e-030	1.000000e-030	1.000000e-030	1.000000e-030	1.000000e-030	1.000000e-030	1.000000e-030	6.064819e-002	
2.965078e-002	9.883592e-003	9.883592e-003	2.965078e-002	1.000000e-030	1.000000e-030	5.930155e-002	1.000000e-030	5.930155e-002	1.000000e-030	1.000000e-030	1.000000e-030	1.000000e-030	4.941795e-002	1.000000e-030	6.539676e-001	9.883592e-003	9.883592e-003	1.000000e-030	1.000000e-030	1.976718e-002	1.000000e-030	1.000000e-030	9.948126e-003	1.000000e-030	1.000000e-030	1.000000e-030	9.883592e-003	1.000000e-030	1.000000e-030	1.000000e-030	3.957650e-002	
