8.876165e-001	1.123835e-001	0.000000e+000	0.000000e+000	0.000000e+000	
0.000000e+000	8.848243e-001	1.151757e-001	0.000000e+000	0.000000e+000	
0.000000e+000	0.000000e+000	8.730200e-001	1.269800e-001	0.000000e+000	
0.000000e+000	0.000000e+000	0.000000e+000	8.277818e-001	1.722182e-001	
0.000000e+000	0.000000e+000	0.000000e+000	0.000000e+000	1.000000e+000	
1.000000e-030	1.000000e-030	1.000000e-030	1.000000e-030	1.000000e-030	1.000000e-030	1.000000e-030	1.000000e-030	1.000000e-030	1.000000e-030	1.000000e-030	1.000000e-030	1.000000e-030	4.814679e-028	1.000000e-030	1.000000e+000	1.000000e-030	1.000000e-030	1.000000e-030	1.000000e-030	1.000000e-030	1.000000e-030	1.000000e-030	1.000000e-030	1.000000e-030	1.000000e-030	1.000000e-030	1.000000e-030	1.000000e-030	1.000000e-030	1.000000e-030	1.000000e-030	
1.000000e-030	1.000000e-030	1.000000e-030	1.000000e-030	1.000000e-030	1.000000e-030	1.000000e-030	1.000000e-030	1.000000e-030	1.000000e-030	1.000000e-030	1.000000e-030	1.000000e-030	7.694899e-016	1.000000e-030	1.000000e+000	1.000000e-030	1.000000e-030	1.000000e-030	7.372649e-023	1.000000e-030	1.000000e-030	1.000000e-030	1.000000e-030	1.000000e-030	1.000000e-030	1.000000e-030	1.000000e-030	1.000000e-030	1.000000e-030	1.000000e-030	1.000000e-030	
1.000000e-030	1.000000e-030	1.000000e-030	1.000000e-030	1.000000e-030	1.000000e-030	1.000000e-030	1.000000e-030	1.000000e-030	1.000000e-030	1.000000e-030	1.000000e-030	3.101501e-026	1.183268e-007	1.000000e-030	9.999999e-001	1.000000e-030	1.000000e-030	1.000000e-030	6.278889e-012	1.454546e-020	1.000000e-030	1.000000e-030	1.000000e-030	1.000000e-030	1.000000e-030	1.000000e-030	1.000000e-030	1.000000e-030	1.000000e-030	1.000000e-030	1.000000e-030	
1.000000e-030	1.000000e-030	1.000000e-030	1.000000e-030	3.280669e-012	1.000000e-030	1.000000e-030	1.000000e-030	7.111107e-018	1.000000e-030	1.000000e-030	1.000000e-030	6.323187e-010	1.556397e-002	1.000000e-030	9.842644e-001	1.000000e-030	1.000000e-030	1.000000e-030	1.715414e-004	4.519904e-008	1.000000e-030	1.000000e-030	1.000000e-030	1.000000e-030	1.000000e-030	1.000000e-030	1.000000e-030	1.000000e-030	1.000000e-030	1.000000e-030	1.000000e-030	
3.397383e-002	1.000000e-030	1.000000e-030	1.000000e-030	1.698692e-002	1.000000e-030	2.548038e-002	1.000000e-030	3.397383e-002	1.000000e-030	1.000000e-030	1.000000e-030	8.493459e-003	4.169970e-002	1.000000e-030	6.440508e-001	8.493459e-003	1.000000e-030	1.000000e-030	1.528738e-001	8.493457e-003	1.000000e-030	1.000000e-030	8.493459e-003	1.000000e-030	1.000000e-030	1.000000e-030	1.000000e-030	1.000000e-030	1.698692e-002	1.000000e-030	1.000000e-030	
