9.278561e-001	7.214388e-002	0.000000e+000	0.000000e+000	0.000000e+000	
0.000000e+000	9.276421e-001	7.235793e-002	0.000000e+000	0.000000e+000	
0.000000e+000	0.000000e+000	9.346585e-001	6.534151e-002	0.000000e+000	
0.000000e+000	0.000000e+000	0.000000e+000	9.556414e-001	4.435861e-002	
0.000000e+000	0.000000e+000	0.000000e+000	0.000000e+000	1.000000e+000	
1.000000e-030	1.000000e-030	1.000000e-030	1.000000e-030	1.000000e-030	1.000000e-030	1.000000e-030	1.000000e-030	1.000000e-030	1.000000e-030	1.000000e-030	1.000000e-030	1.000000e-030	1.000000e-030	1.000000e-030	1.000000e+000	1.000000e-030	1.000000e-030	1.000000e-030	1.000000e-030	1.000000e-030	1.000000e-030	1.000000e-030	1.000000e-030	1.000000e-030	1.000000e-030	1.000000e-030	1.000000e-030	1.000000e-030	1.000000e-030	1.000000e-030	1.354936e-009	
1.000000e-030	1.000000e-030	1.000000e-030	1.000000e-030	1.000000e-030	1.000000e-030	1.000000e-030	1.000000e-030	1.000000e-030	1.000000e-030	1.000000e-030	1.000000e-030	1.000000e-030	1.000000e-030	1.000000e-030	9.998940e-001	1.000000e-030	1.000000e-030	1.000000e-030	1.000000e-030	1.000000e-030	1.000000e-030	1.000000e-030	1.000000e-030	1.000000e-030	1.000000e-030	1.000000e-030	1.000000e-030	1.000000e-030	1.000000e-030	1.000000e-030	1.060196e-004	
1.000000e-030	1.000000e-030	1.000000e-030	1.000000e-030	1.000000e-030	1.000000e-030	1.000000e-030	1.000000e-030	1.000000e-030	1.000000e-030	1.000000e-030	1.000000e-030	1.000000e-030	1.000000e-030	1.000000e-030	9.757979e-001	1.000000e-030	1.000000e-030	1.000000e-030	1.000000e-030	1.000000e-030	1.000000e-030	1.000000e-030	1.000000e-030	1.000000e-030	1.000000e-030	1.000000e-030	1.000000e-030	1.000000e-030	1.000000e-030	1.000000e-030	2.420211e-002	
1.000000e-030	1.000000e-030	1.000000e-030	1.000000e-030	1.000000e-030	1.000000e-030	1.000000e-030	1.000000e-030	1.000000e-030	1.000000e-030	1.000000e-030	1.000000e-030	1.000000e-030	4.923449e-009	1.000000e-030	9.721366e-001	1.000000e-030	1.000000e-030	1.000000e-030	1.000000e-030	1.000000e-030	1.000000e-030	1.000000e-030	7.221964e-026	1.000000e-030	1.000000e-030	1.000000e-030	1.000000e-030	1.000000e-030	1.000000e-030	1.000000e-030	2.786344e-002	
1.198023e-002	2.396045e-002	1.000000e-030	1.000000e-030	1.198023e-002	1.000000e-030	2.396045e-002	1.000000e-030	7.188136e-002	1.000000e-030	1.000000e-030	1.000000e-030	1.198023e-002	7.188136e-002	1.000000e-030	6.765339e-001	1.000000e-030	1.198023e-002	1.000000e-030	1.000000e-030	1.198023e-002	1.000000e-030	1.000000e-030	1.198023e-002	1.000000e-030	1.000000e-030	1.000000e-030	2.396045e-002	1.000000e-030	3.594068e-002	1.000000e-030	5.620544e-012	
