8.752525e-001	1.247475e-001	0.000000e+000	0.000000e+000	0.000000e+000	
0.000000e+000	9.380295e-001	6.197049e-002	0.000000e+000	0.000000e+000	
0.000000e+000	0.000000e+000	8.539527e-001	1.460473e-001	0.000000e+000	
0.000000e+000	0.000000e+000	0.000000e+000	9.230771e-001	7.692292e-002	
0.000000e+000	0.000000e+000	0.000000e+000	0.000000e+000	1.000000e+000	
1.000000e-030	1.000000e-030	1.000000e-030	1.000000e-030	1.000000e-030	1.069864e-003	1.000000e-030	1.000000e-030	1.000000e-030	1.000000e-030	1.000000e-030	1.000000e-030	1.000000e-030	1.000000e-030	1.000000e-030	1.976095e-001	1.000000e-030	1.000000e-030	1.000000e-030	1.000000e-030	1.000000e-030	1.000000e-030	1.000000e-030	8.013207e-001	1.000000e-030	1.000000e-030	1.000000e-030	1.000000e-030	1.000000e-030	1.000000e-030	1.000000e-030	1.000000e-030	
1.000000e-030	1.000000e-030	1.000000e-030	1.000000e-030	1.000000e-030	6.143902e-002	1.000000e-030	1.000000e-030	1.000000e-030	1.000000e-030	1.000000e-030	1.000000e-030	1.000000e-030	1.000000e-030	1.000000e-030	3.578009e-001	1.000000e-030	1.000000e-030	1.000000e-030	1.000000e-030	1.000000e-030	1.000000e-030	1.000000e-030	5.807601e-001	1.000000e-030	1.000000e-030	1.000000e-030	1.000000e-030	1.000000e-030	1.000000e-030	1.000000e-030	1.391429e-026	
1.000000e-030	1.000000e-030	1.000000e-030	1.000000e-030	1.000000e-030	1.000000e-030	1.000000e-030	1.000000e-030	1.000000e-030	1.000000e-030	1.000000e-030	1.000000e-030	1.000000e-030	1.000000e-030	1.000000e-030	3.858854e-001	1.000000e-030	1.000000e-030	1.000000e-030	1.000000e-030	1.586947e-021	1.000000e-030	1.000000e-030	3.220199e-001	1.000000e-030	1.000000e-030	1.000000e-030	1.000000e-030	1.000000e-030	1.000000e-030	1.000000e-030	2.920947e-001	
2.039554e-006	1.000000e-030	5.384604e-001	1.000000e-030	7.692292e-002	1.000000e-030	1.000000e-030	1.000000e-030	7.692292e-002	1.000000e-030	1.000000e-030	1.000000e-030	1.000000e-030	1.000000e-030	1.000000e-030	1.700382e-021	1.000000e-030	1.000000e-030	1.000000e-030	1.000000e-030	3.076917e-001	1.000000e-030	1.000000e-030	1.000000e-030	1.000000e-030	1.000000e-030	1.000000e-030	1.000000e-030	1.000000e-030	1.000000e-030	1.000000e-030	1.000000e-030	
9.523559e-003	1.000000e-030	1.000000e-030	1.904762e-002	1.000000e-030	2.857144e-002	1.904762e-002	1.000000e-030	1.000000e-030	1.000000e-030	1.000000e-030	1.000000e-030	1.000000e-030	3.809525e-002	1.000000e-030	5.047620e-001	1.000000e-030	1.000000e-030	2.857144e-002	1.000000e-030	1.000000e-030	9.523812e-003	1.000000e-030	1.809524e-001	1.000000e-030	9.523812e-003	1.000000e-030	1.000000e-030	1.000000e-030	9.523812e-003	1.000000e-030	1.428572e-001	
