9.318521e-001	6.814785e-002	0.000000e+000	0.000000e+000	0.000000e+000	
0.000000e+000	9.318386e-001	6.816143e-002	0.000000e+000	0.000000e+000	
0.000000e+000	0.000000e+000	9.317633e-001	6.823667e-002	0.000000e+000	
0.000000e+000	0.000000e+000	0.000000e+000	6.666766e-001	3.333234e-001	
0.000000e+000	0.000000e+000	0.000000e+000	0.000000e+000	1.000000e+000	
1.000000e-030	1.000000e-030	1.000000e-030	1.000000e-030	1.000000e-030	1.000000e-030	1.000000e-030	1.000000e-030	1.000000e-030	1.000000e-030	1.000000e-030	1.000000e-030	1.000000e-030	1.000000e-030	1.000000e-030	1.000000e+000	1.000000e-030	1.000000e-030	1.000000e-030	1.000000e-030	1.000000e-030	1.000000e-030	1.000000e-030	1.000000e-030	1.000000e-030	1.000000e-030	1.000000e-030	1.000000e-030	1.000000e-030	1.000000e-030	1.000000e-030	1.000000e-030	
1.000000e-030	1.000000e-030	1.000000e-030	1.000000e-030	1.000000e-030	1.000000e-030	1.000000e-030	1.000000e-030	1.000000e-030	1.000000e-030	1.000000e-030	1.000000e-030	1.000000e-030	1.000000e-030	1.000000e-030	1.000000e+000	1.000000e-030	1.000000e-030	1.000000e-030	1.000000e-030	1.000000e-030	1.000000e-030	1.000000e-030	1.000000e-030	1.000000e-030	1.000000e-030	1.000000e-030	1.000000e-030	1.000000e-030	1.000000e-030	1.000000e-030	1.000000e-030	
1.000000e-030	1.000000e-030	1.000000e-030	1.000000e-030	1.000000e-030	1.000000e-030	1.000000e-030	1.000000e-030	1.000000e-030	1.000000e-030	1.000000e-030	1.000000e-030	1.000000e-030	1.000000e-030	1.000000e-030	1.000000e+000	1.000000e-030	1.000000e-030	1.000000e-030	1.000000e-030	1.000000e-030	1.000000e-030	1.000000e-030	1.000000e-030	1.000000e-030	1.000000e-030	1.000000e-030	1.602675e-018	1.000000e-030	1.000000e-030	1.000000e-030	1.000000e-030	
1.000000e-030	1.000000e-030	1.000000e-030	1.000000e-030	1.000000e-030	1.000000e-030	1.000000e-030	3.333228e-001	1.000000e-030	1.000000e-030	1.000000e-030	1.000000e-030	1.000000e-030	1.000000e-030	1.000000e-030	3.041508e-005	1.000000e-030	1.000000e-030	1.000000e-030	1.000000e-030	1.277759e-025	1.000000e-030	1.000000e-030	3.333234e-001	1.000000e-030	1.000000e-030	1.000000e-030	3.333234e-001	1.000000e-030	1.000000e-030	1.000000e-030	1.000000e-030	
2.941176e-002	1.000000e-030	9.803921e-003	9.803921e-003	9.803921e-003	1.000000e-030	2.941176e-002	1.528711e-008	4.901961e-002	1.000000e-030	1.000000e-030	1.000000e-030	1.000000e-030	3.921569e-002	1.000000e-030	7.745098e-001	9.803921e-003	1.000000e-030	9.803921e-003	1.000000e-030	1.960784e-002	1.000000e-030	1.000000e-030	2.048032e-029	1.000000e-030	1.000000e-030	1.000000e-030	1.000000e-030	1.000000e-030	9.803921e-003	1.000000e-030	1.000000e-030	
