9.048689e-001	9.513108e-002	0.000000e+000	0.000000e+000	0.000000e+000	
0.000000e+000	9.035353e-001	9.646475e-002	0.000000e+000	0.000000e+000	
0.000000e+000	0.000000e+000	8.806895e-001	1.193105e-001	0.000000e+000	
0.000000e+000	0.000000e+000	0.000000e+000	8.544053e-001	1.455947e-001	
0.000000e+000	0.000000e+000	0.000000e+000	0.000000e+000	1.000000e+000	
1.000000e-030	1.000000e-030	1.000000e-030	1.000000e-030	1.000000e-030	1.000000e-030	1.000000e-030	1.000000e-030	1.000000e-030	1.000000e-030	1.000000e-030	1.000000e-030	1.000000e-030	1.000000e-030	1.000000e-030	1.000000e+000	1.000000e-030	1.000000e-030	1.000000e-030	1.000000e-030	1.000000e-030	1.000000e-030	1.000000e-030	1.000000e-030	1.000000e-030	1.000000e-030	1.000000e-030	1.000000e-030	1.000000e-030	1.000000e-030	1.000000e-030	1.102267e-026	
1.000000e-030	1.000000e-030	1.000000e-030	1.000000e-030	1.000000e-030	1.000000e-030	1.000000e-030	1.000000e-030	1.000000e-030	1.000000e-030	1.000000e-030	1.000000e-030	1.000000e-030	1.000000e-030	1.000000e-030	1.000000e+000	1.000000e-030	1.000000e-030	1.000000e-030	1.000000e-030	1.000000e-030	1.000000e-030	1.000000e-030	3.831096e-027	1.000000e-030	1.000000e-030	1.000000e-030	1.000000e-030	1.000000e-030	1.000000e-030	1.000000e-030	1.293646e-009	
1.000000e-030	1.000000e-030	1.000000e-030	1.000000e-030	1.000000e-030	1.000000e-030	1.000000e-030	1.000000e-030	1.000000e-030	1.000000e-030	1.000000e-030	1.000000e-030	1.000000e-030	1.000000e-030	1.000000e-030	9.875892e-001	1.000000e-030	1.000000e-030	1.000000e-030	1.000000e-030	1.000000e-030	1.000000e-030	1.000000e-030	6.092415e-006	1.000000e-030	1.000000e-030	1.000000e-030	1.000000e-030	1.000000e-030	4.120077e-023	1.000000e-030	1.240468e-002	
1.000000e-030	1.000000e-030	1.000000e-030	1.000000e-030	1.000000e-030	1.000000e-030	1.000000e-030	1.715323e-003	1.000000e-030	1.000000e-030	1.000000e-030	1.000000e-030	1.000000e-030	2.376323e-002	1.000000e-030	5.559906e-001	1.000000e-030	1.000000e-030	1.000000e-030	1.000000e-030	2.371430e-009	1.000000e-030	1.000000e-030	1.454015e-001	1.000000e-030	1.000000e-030	1.000000e-030	1.000000e-030	1.000000e-030	1.426831e-001	1.000000e-030	1.304462e-001	
8.859607e-003	1.771921e-002	8.859607e-003	1.771921e-002	1.771921e-002	1.000000e-030	3.543843e-002	8.755227e-003	4.429803e-002	1.000000e-030	1.000000e-030	1.000000e-030	1.000000e-030	6.057123e-002	1.000000e-030	6.381174e-001	1.000000e-030	1.000000e-030	1.000000e-030	9.745567e-002	2.657882e-002	1.000000e-030	1.000000e-030	8.870907e-003	1.000000e-030	1.000000e-030	1.000000e-030	1.000000e-030	1.000000e-030	1.771722e-004	1.000000e-030	8.860278e-003	
