9.252444e-001	7.475555e-002	0.000000e+000	0.000000e+000	0.000000e+000	
0.000000e+000	9.251402e-001	7.485980e-002	0.000000e+000	0.000000e+000	
0.000000e+000	0.000000e+000	9.245922e-001	7.540778e-002	0.000000e+000	
0.000000e+000	0.000000e+000	0.000000e+000	5.072042e-001	4.927958e-001	
0.000000e+000	0.000000e+000	0.000000e+000	0.000000e+000	1.000000e+000	
1.000000e-030	1.000000e-030	1.000000e-030	1.000000e-030	1.000000e-030	1.000000e-030	1.000000e-030	1.000000e-030	1.000000e-030	1.000000e-030	1.000000e-030	1.000000e-030	1.000000e-030	1.000000e-030	1.000000e-030	1.000000e+000	1.000000e-030	1.000000e-030	1.000000e-030	1.000000e-030	1.000000e-030	1.000000e-030	1.000000e-030	1.000000e-030	1.000000e-030	1.000000e-030	1.000000e-030	1.000000e-030	1.000000e-030	1.000000e-030	1.000000e-030	1.000000e-030	
1.000000e-030	1.000000e-030	1.000000e-030	1.000000e-030	1.000000e-030	1.000000e-030	1.000000e-030	1.000000e-030	1.000000e-030	1.000000e-030	1.000000e-030	1.000000e-030	1.000000e-030	1.000000e-030	1.000000e-030	1.000000e+000	1.000000e-030	1.000000e-030	1.000000e-030	1.000000e-030	1.000000e-030	1.000000e-030	1.000000e-030	1.000000e-030	1.000000e-030	1.000000e-030	1.000000e-030	1.000000e-030	1.000000e-030	1.000000e-030	1.000000e-030	1.000000e-030	
1.000000e-030	1.000000e-030	1.000000e-030	1.000000e-030	1.000000e-030	1.000000e-030	1.000000e-030	1.000000e-030	1.000000e-030	1.000000e-030	1.000000e-030	1.000000e-030	1.000000e-030	1.000000e-030	1.000000e-030	1.000000e+000	1.000000e-030	1.000000e-030	1.000000e-030	1.000000e-030	1.000000e-030	1.000000e-030	1.000000e-030	1.107147e-011	1.000000e-030	1.000000e-030	1.000000e-030	1.000000e-030	1.000000e-030	1.000000e-030	1.000000e-030	1.000000e-030	
1.000000e-030	1.000000e-030	1.000000e-030	1.000000e-030	1.000000e-030	1.000000e-030	1.000000e-030	1.000000e-030	1.000000e-030	1.000000e-030	1.000000e-030	1.000000e-030	1.000000e-030	1.000000e-030	1.000000e-030	1.740228e-003	1.000000e-030	1.000000e-030	1.000000e-030	1.266810e-002	6.739961e-021	1.000000e-030	1.000000e-030	9.855917e-001	1.000000e-030	1.000000e-030	1.000000e-030	1.000000e-030	1.000000e-030	1.000000e-030	1.000000e-030	1.000000e-030	
3.739216e-002	1.000000e-030	9.348040e-003	1.000000e-030	1.000000e-030	1.000000e-030	4.674020e-002	1.000000e-030	4.674020e-002	1.000000e-030	1.000000e-030	1.000000e-030	9.348040e-003	3.739216e-002	1.000000e-030	6.730589e-001	1.000000e-030	9.348040e-003	1.000000e-030	9.324010e-002	2.804412e-002	1.000000e-030	1.000000e-030	6.100624e-013	1.000000e-030	1.000000e-030	1.000000e-030	1.000000e-030	1.000000e-030	9.348040e-003	1.000000e-030	1.000000e-030	
