9.287365e-001	7.126345e-002	0.000000e+000	0.000000e+000	0.000000e+000	
0.000000e+000	9.286668e-001	7.133320e-002	0.000000e+000	0.000000e+000	
0.000000e+000	0.000000e+000	9.282884e-001	7.171162e-002	0.000000e+000	
0.000000e+000	0.000000e+000	0.000000e+000	5.108847e-001	4.891153e-001	
0.000000e+000	0.000000e+000	0.000000e+000	0.000000e+000	1.000000e+000	
1.000000e-030	1.000000e-030	1.000000e-030	1.000000e-030	1.000000e-030	1.000000e-030	1.000000e-030	1.000000e-030	1.000000e-030	1.000000e-030	1.000000e-030	1.000000e-030	1.000000e-030	1.000000e-030	1.000000e-030	1.000000e+000	1.000000e-030	1.000000e-030	1.000000e-030	1.000000e-030	1.000000e-030	1.000000e-030	1.000000e-030	1.000000e-030	1.000000e-030	1.000000e-030	1.000000e-030	1.000000e-030	1.000000e-030	1.000000e-030	1.000000e-030	1.000000e-030	
1.000000e-030	1.000000e-030	1.000000e-030	1.000000e-030	1.000000e-030	1.000000e-030	1.000000e-030	1.000000e-030	1.000000e-030	1.000000e-030	1.000000e-030	1.000000e-030	1.000000e-030	1.000000e-030	1.000000e-030	1.000000e+000	1.000000e-030	1.000000e-030	1.000000e-030	1.000000e-030	1.000000e-030	1.000000e-030	1.000000e-030	1.000000e-030	1.000000e-030	1.000000e-030	1.000000e-030	1.000000e-030	1.000000e-030	1.000000e-030	1.000000e-030	1.000000e-030	
1.000000e-030	1.000000e-030	1.000000e-030	1.000000e-030	1.000000e-030	1.000000e-030	1.000000e-030	1.000000e-030	1.000000e-030	1.000000e-030	1.000000e-030	1.000000e-030	1.000000e-030	1.000000e-030	1.000000e-030	1.000000e+000	1.000000e-030	1.000000e-030	1.000000e-030	1.000000e-030	1.000000e-030	1.000000e-030	1.000000e-030	1.000000e-030	1.000000e-030	1.000000e-030	1.000000e-030	1.000000e-030	1.000000e-030	1.393624e-010	1.000000e-030	1.000000e-030	
1.000000e-030	1.000000e-030	1.000000e-030	1.000000e-030	1.000000e-030	1.000000e-030	1.000000e-030	1.000000e-030	1.000000e-030	1.000000e-030	1.000000e-030	1.000000e-030	1.000000e-030	1.976301e-002	1.000000e-030	2.006476e-003	1.000000e-030	1.000000e-030	1.000000e-030	1.000000e-030	4.999384e-018	1.000000e-030	1.000000e-030	1.000000e-030	1.000000e-030	1.000000e-030	1.000000e-030	4.891153e-001	1.000000e-030	4.891153e-001	1.000000e-030	1.000000e-030	
2.858243e-002	1.000000e-030	3.810990e-002	1.000000e-030	9.527476e-003	1.000000e-030	3.810990e-002	1.000000e-030	9.527476e-003	1.000000e-030	1.000000e-030	1.000000e-030	9.527476e-003	7.583484e-002	1.000000e-030	5.430661e-001	1.000000e-030	1.000000e-030	1.000000e-030	2.381869e-001	9.527476e-003	1.000000e-030	1.000000e-030	1.000000e-030	1.000000e-030	1.000000e-030	1.000000e-030	8.454705e-011	1.000000e-030	1.000000e-030	1.000000e-030	1.000000e-030	
