6.677921e-001	3.322079e-001	0.000000e+000	0.000000e+000	0.000000e+000	
0.000000e+000	8.776756e-001	1.223244e-001	0.000000e+000	0.000000e+000	
0.000000e+000	0.000000e+000	9.133133e-001	8.668673e-002	0.000000e+000	
0.000000e+000	0.000000e+000	0.000000e+000	8.516370e-001	1.483630e-001	
0.000000e+000	0.000000e+000	0.000000e+000	0.000000e+000	1.000000e+000	
1.000000e-030	1.000000e-030	1.000000e-030	1.000000e-030	1.000000e-030	1.000000e-030	1.000000e-030	1.000000e-030	1.000000e-030	1.000000e-030	1.000000e-030	1.000000e-030	1.000000e-030	1.000000e-030	1.000000e-030	3.835623e-003	1.000000e-030	1.000000e-030	1.000000e-030	9.961644e-001	1.000000e-030	1.000000e-030	1.000000e-030	1.000000e-030	1.000000e-030	1.000000e-030	1.000000e-030	1.000000e-030	1.000000e-030	1.000000e-030	1.000000e-030	1.000000e-030	
1.000000e-030	1.000000e-030	1.000000e-030	1.000000e-030	1.000000e-030	1.000000e-030	1.000000e-030	1.000000e-030	1.000000e-030	1.000000e-030	1.000000e-030	1.000000e-030	1.000000e-030	1.000000e-030	1.000000e-030	9.998309e-001	1.000000e-030	1.000000e-030	1.000000e-030	1.691063e-004	1.000000e-030	1.000000e-030	1.000000e-030	1.000000e-030	1.000000e-030	1.000000e-030	1.000000e-030	1.000000e-030	1.000000e-030	1.000000e-030	1.000000e-030	1.000000e-030	
1.000000e-030	1.000000e-030	1.000000e-030	1.000000e-030	1.000000e-030	1.000000e-030	1.000000e-030	1.000000e-030	1.000000e-030	1.000000e-030	1.000000e-030	1.000000e-030	1.000000e-030	2.633267e-009	1.000000e-030	1.000000e+000	1.000000e-030	6.934364e-020	1.000000e-030	1.971979e-017	1.000000e-030	1.000000e-030	1.000000e-030	1.000000e-030	1.000000e-030	1.000000e-030	1.000000e-030	1.000000e-030	1.000000e-030	1.000000e-030	1.000000e-030	1.000000e-030	
1.000000e-030	3.489852e-004	1.000000e-030	1.000000e-030	4.087597e-006	1.000000e-030	1.000000e-030	1.000000e-030	1.035760e-014	1.000000e-030	1.000000e-030	1.000000e-030	1.000000e-030	1.498117e-002	1.000000e-030	9.822814e-001	1.000000e-030	2.384367e-003	1.000000e-030	1.000000e-030	1.000000e-030	1.000000e-030	1.000000e-030	1.000000e-030	1.000000e-030	1.000000e-030	1.000000e-030	1.000000e-030	1.000000e-030	1.000000e-030	1.000000e-030	1.000000e-030	
2.509645e-002	8.345804e-003	1.000000e-030	1.000000e-030	1.673073e-002	2.509645e-002	1.673096e-002	1.673096e-002	5.019289e-002	1.000000e-030	1.000000e-030	1.000000e-030	1.000000e-030	4.098269e-002	1.000000e-030	7.249382e-001	1.000000e-030	2.496200e-002	1.000000e-030	8.365482e-003	1.000000e-030	1.000000e-030	1.000000e-030	4.182741e-002	1.000000e-030	1.000000e-030	1.000000e-030	1.000000e-030	1.000000e-030	1.000000e-030	1.000000e-030	1.000000e-030	
