8.866003e-001	1.133997e-001	0.000000e+000	0.000000e+000	0.000000e+000	
0.000000e+000	8.761822e-001	1.238178e-001	0.000000e+000	0.000000e+000	
0.000000e+000	0.000000e+000	9.668349e-001	3.316511e-002	0.000000e+000	
0.000000e+000	0.000000e+000	0.000000e+000	7.461474e-001	2.538526e-001	
0.000000e+000	0.000000e+000	0.000000e+000	0.000000e+000	1.000000e+000	
1.000000e-030	1.000000e-030	1.000000e-030	1.000000e-030	1.000000e-030	1.000000e-030	1.000000e-030	1.000000e-030	1.000000e-030	1.000000e-030	1.000000e-030	1.000000e-030	1.000000e-030	1.000000e-030	1.000000e-030	1.000000e+000	1.000000e-030	1.000000e-030	1.000000e-030	1.000000e-030	1.000000e-030	1.000000e-030	1.000000e-030	1.000000e-030	1.000000e-030	1.000000e-030	1.000000e-030	1.000000e-030	1.000000e-030	1.000000e-030	1.000000e-030	1.656371e-013	
1.000000e-030	1.000000e-030	1.000000e-030	1.000000e-030	1.000000e-030	1.000000e-030	1.000000e-030	1.000000e-030	1.000000e-030	1.000000e-030	1.000000e-030	1.000000e-030	1.000000e-030	1.000000e-030	1.000000e-030	9.619069e-001	1.000000e-030	1.000000e-030	1.000000e-030	1.436544e-005	1.000000e-030	1.000000e-030	1.000000e-030	1.000000e-030	1.000000e-030	1.000000e-030	1.000000e-030	1.000000e-030	1.000000e-030	1.000000e-030	1.000000e-030	3.807876e-002	
1.000000e-030	1.000000e-030	1.000000e-030	1.000000e-030	1.000000e-030	1.000000e-030	1.000000e-030	1.000000e-030	1.000000e-030	1.000000e-030	1.000000e-030	1.000000e-030	1.000000e-030	1.000000e-030	1.000000e-030	8.759809e-001	1.000000e-030	1.000000e-030	1.000000e-030	3.472332e-002	1.000000e-030	1.000000e-030	1.000000e-030	1.000000e-030	1.000000e-030	1.000000e-030	1.000000e-030	1.000000e-030	1.000000e-030	1.000000e-030	1.000000e-030	8.929577e-002	
1.000000e-030	1.000000e-030	1.000000e-030	1.000000e-030	1.000000e-030	1.000000e-030	1.000000e-030	1.000000e-030	1.000000e-030	1.000000e-030	1.000000e-030	1.000000e-030	1.000000e-030	1.000000e-030	1.000000e-030	1.143818e-004	1.000000e-030	1.000000e-030	1.000000e-030	9.998856e-001	1.000000e-030	1.000000e-030	1.000000e-030	1.000000e-030	1.000000e-030	1.000000e-030	1.000000e-030	1.000000e-030	1.000000e-030	1.000000e-030	1.000000e-030	1.000000e-030	
2.040529e-002	1.000000e-030	1.000000e-030	3.060794e-002	2.040529e-002	1.000000e-030	5.101323e-002	1.020265e-002	5.101323e-002	1.000000e-030	1.000000e-030	1.000000e-030	2.040529e-002	6.121588e-002	1.000000e-030	5.611428e-001	1.000000e-030	1.000000e-030	1.020265e-002	1.034607e-002	2.040529e-002	1.020265e-002	1.000000e-030	1.020265e-002	1.000000e-030	1.000000e-030	1.000000e-030	1.000000e-030	1.000000e-030	1.000000e-030	1.000000e-030	1.122291e-001	
