8.589333e-001	1.410667e-001	0.000000e+000	0.000000e+000	0.000000e+000	
0.000000e+000	8.953792e-001	1.046208e-001	0.000000e+000	0.000000e+000	
0.000000e+000	0.000000e+000	8.923911e-001	1.076089e-001	0.000000e+000	
0.000000e+000	0.000000e+000	0.000000e+000	9.446287e-001	5.537125e-002	
0.000000e+000	0.000000e+000	0.000000e+000	0.000000e+000	1.000000e+000	
1.000000e-030	1.000000e-030	1.000000e-030	1.000000e-030	1.000000e-030	1.000000e-030	1.000000e-030	1.000000e-030	1.000000e-030	1.000000e-030	1.000000e-030	1.000000e-030	1.000000e-030	1.000000e-030	1.000000e-030	5.768010e-001	1.000000e-030	1.000000e-030	1.000000e-030	4.231990e-001	1.000000e-030	1.000000e-030	1.000000e-030	1.000000e-030	1.000000e-030	1.000000e-030	1.000000e-030	1.000000e-030	1.000000e-030	1.000000e-030	1.000000e-030	1.000000e-030	
1.000000e-030	1.000000e-030	1.000000e-030	1.000000e-030	1.000000e-030	1.000000e-030	1.000000e-030	1.000000e-030	1.000000e-030	1.000000e-030	1.000000e-030	1.000000e-030	1.000000e-030	1.000000e-030	1.000000e-030	9.999993e-001	1.000000e-030	1.000000e-030	1.000000e-030	7.298901e-007	1.000000e-030	1.000000e-030	1.000000e-030	1.000000e-030	1.000000e-030	1.000000e-030	1.000000e-030	1.000000e-030	1.000000e-030	1.000000e-030	1.000000e-030	1.000000e-030	
1.000000e-030	1.000000e-030	1.000000e-030	1.000000e-030	1.000000e-030	1.000000e-030	1.000000e-030	1.000000e-030	1.000000e-030	1.000000e-030	1.000000e-030	1.000000e-030	1.000000e-030	1.000000e-030	1.000000e-030	9.997581e-001	1.000000e-030	1.000000e-030	1.000000e-030	2.419132e-004	1.000000e-030	1.000000e-030	1.000000e-030	1.000000e-030	1.000000e-030	1.000000e-030	1.000000e-030	1.000000e-030	1.000000e-030	1.000000e-030	1.000000e-030	1.000000e-030	
4.898319e-011	1.000000e-030	1.000000e-030	1.000000e-030	5.537125e-002	1.000000e-030	1.000000e-030	1.000000e-030	3.322275e-001	1.000000e-030	1.000000e-030	1.000000e-030	1.000000e-030	1.000000e-030	1.000000e-030	5.881318e-002	1.000000e-030	1.000000e-030	1.000000e-030	2.767318e-001	2.768563e-001	1.000000e-030	1.000000e-030	1.000000e-030	1.000000e-030	1.000000e-030	1.000000e-030	1.000000e-030	1.000000e-030	1.000000e-030	1.000000e-030	1.000000e-030	
2.857143e-002	1.000000e-030	1.000000e-030	5.714286e-002	1.000000e-030	1.000000e-030	9.523810e-003	1.000000e-030	2.427349e-009	1.000000e-030	1.000000e-030	1.000000e-030	1.000000e-030	5.714286e-002	1.000000e-030	7.714286e-001	1.000000e-030	9.523810e-003	9.523810e-003	5.714286e-002	1.000000e-030	1.000000e-030	1.000000e-030	1.000000e-030	1.000000e-030	1.000000e-030	1.000000e-030	1.000000e-030	1.000000e-030	1.000000e-030	1.000000e-030	1.000000e-030	
