8.810235e-001	1.189765e-001	0.000000e+000	0.000000e+000	0.000000e+000	
0.000000e+000	9.114426e-001	8.855740e-002	0.000000e+000	0.000000e+000	
0.000000e+000	0.000000e+000	8.926682e-001	1.073318e-001	0.000000e+000	
0.000000e+000	0.000000e+000	0.000000e+000	9.229752e-001	7.702477e-002	
0.000000e+000	0.000000e+000	0.000000e+000	0.000000e+000	1.000000e+000	
1.000000e-030	1.000000e-030	1.000000e-030	1.000000e-030	1.000000e-030	1.000000e-030	1.000000e-030	1.000000e-030	1.000000e-030	1.000000e-030	1.000000e-030	1.000000e-030	1.000000e-030	1.000000e-030	1.000000e-030	8.810268e-001	1.000000e-030	1.000000e-030	1.000000e-030	1.000000e-030	1.000000e-030	1.000000e-030	1.000000e-030	1.189732e-001	1.000000e-030	1.000000e-030	1.000000e-030	1.000000e-030	1.000000e-030	1.000000e-030	1.000000e-030	2.082208e-021	
1.000000e-030	1.000000e-030	1.000000e-030	1.000000e-030	1.000000e-030	1.000000e-030	1.000000e-030	1.000000e-030	1.000000e-030	1.000000e-030	1.000000e-030	1.000000e-030	1.000000e-030	1.000000e-030	1.000000e-030	9.782915e-001	1.000000e-030	1.000000e-030	1.000000e-030	1.000000e-030	1.000000e-030	1.000000e-030	1.000000e-030	2.431257e-006	1.000000e-030	1.000000e-030	1.000000e-030	1.000000e-030	1.000000e-030	1.000000e-030	1.000000e-030	2.170606e-002	
1.000000e-030	1.000000e-030	1.000000e-030	1.000000e-030	1.000000e-030	1.000000e-030	1.000000e-030	1.000000e-030	1.000000e-030	1.000000e-030	1.000000e-030	1.000000e-030	1.000000e-030	1.518803e-003	1.000000e-030	8.101374e-001	1.000000e-030	1.000000e-030	1.000000e-030	1.000000e-030	1.000000e-030	2.821753e-030	1.000000e-030	1.000000e-030	1.000000e-030	1.000000e-030	1.000000e-030	1.000000e-030	1.000000e-030	1.000000e-030	1.000000e-030	1.883438e-001	
7.680918e-002	1.867942e-016	7.702477e-002	1.000000e-030	2.310743e-001	1.000000e-030	1.000000e-030	1.000000e-030	2.310743e-001	1.000000e-030	1.000000e-030	1.000000e-030	1.000000e-030	7.593483e-002	1.000000e-030	1.000000e-030	1.000000e-030	1.000000e-030	7.699965e-002	1.000000e-030	1.000000e-030	7.702477e-002	1.000000e-030	7.702477e-002	7.702477e-002	1.000000e-030	1.000000e-030	1.000000e-030	1.000000e-030	1.000000e-030	1.000000e-030	8.628231e-006	
2.615823e-005	9.345521e-003	1.588061e-025	2.803656e-002	1.000000e-030	1.000000e-030	1.869104e-002	1.000000e-030	1.000000e-030	1.000000e-030	1.000000e-030	1.000000e-030	1.000000e-030	6.541865e-002	1.000000e-030	8.504425e-001	1.000000e-030	1.000000e-030	9.348569e-003	1.000000e-030	1.000000e-030	1.000000e-030	1.000000e-030	1.000000e-030	1.000000e-030	1.000000e-030	1.000000e-030	1.000000e-030	1.000000e-030	9.345521e-003	1.000000e-030	9.345521e-003	
