9.071431e-001	9.285693e-002	0.000000e+000	0.000000e+000	0.000000e+000	
0.000000e+000	8.959072e-001	1.040928e-001	0.000000e+000	0.000000e+000	
0.000000e+000	0.000000e+000	9.472714e-001	5.272857e-002	0.000000e+000	
0.000000e+000	0.000000e+000	0.000000e+000	9.066380e-001	9.336198e-002	
0.000000e+000	0.000000e+000	0.000000e+000	0.000000e+000	1.000000e+000	
1.000000e-030	8.833550e-001	1.000000e-030	1.000000e-030	1.000000e-030	1.000000e-030	1.000000e-030	2.203430e-015	1.000000e-030	1.000000e-030	1.000000e-030	1.000000e-030	1.000000e-030	1.000000e-030	1.000000e-030	1.000000e-030	1.000000e-030	1.166450e-001	1.000000e-030	1.000000e-030	1.000000e-030	1.000000e-030	1.000000e-030	1.000000e-030	1.000000e-030	1.000000e-030	1.000000e-030	1.000000e-030	1.000000e-030	1.000000e-030	1.000000e-030	1.000000e-030	
1.000000e-030	3.514361e-001	1.000000e-030	1.000000e-030	1.000000e-030	1.000000e-030	1.000000e-030	4.417085e-001	1.000000e-030	1.000000e-030	1.000000e-030	1.000000e-030	1.000000e-030	1.000000e-030	1.000000e-030	1.000000e-030	1.000000e-030	2.068554e-001	1.000000e-030	1.000000e-030	1.000000e-030	1.000000e-030	1.000000e-030	1.000000e-030	1.000000e-030	1.000000e-030	1.000000e-030	1.000000e-030	1.000000e-030	1.000000e-030	1.000000e-030	1.000000e-030	
1.000000e-030	7.387025e-001	1.000000e-030	5.271633e-002	1.000000e-030	6.232746e-014	1.000000e-030	1.075528e-001	1.000000e-030	1.000000e-030	1.000000e-030	1.000000e-030	1.000000e-030	1.000000e-030	1.000000e-030	1.000000e-030	1.000000e-030	1.010284e-001	1.000000e-030	1.000000e-030	1.000000e-030	1.000000e-030	1.000000e-030	1.000000e-030	1.000000e-030	1.000000e-030	1.000000e-030	1.000000e-030	1.000000e-030	1.000000e-030	1.000000e-030	1.000000e-030	
1.000000e-030	1.218937e-001	1.000000e-030	2.165429e-005	1.000000e-030	9.335915e-002	1.000000e-030	7.062469e-001	1.000000e-030	1.000000e-030	1.000000e-030	5.604952e-010	1.000000e-030	1.000000e-030	1.000000e-030	1.000000e-030	1.000000e-030	7.847854e-002	1.000000e-030	1.000000e-030	1.000000e-030	1.000000e-030	1.000000e-030	1.000000e-030	1.000000e-030	1.000000e-030	1.000000e-030	1.000000e-030	1.000000e-030	1.000000e-030	1.000000e-030	1.000000e-030	
1.000000e-030	3.617623e-001	1.000000e-030	1.010633e-002	1.000000e-030	5.053196e-002	1.000000e-030	1.026018e-001	1.000000e-030	1.000000e-030	1.000000e-030	7.074432e-002	1.000000e-030	1.000000e-030	1.000000e-030	1.000000e-030	1.000000e-030	1.515950e-001	1.000000e-030	5.053165e-002	8.085065e-002	1.000000e-030	1.000000e-030	1.000000e-030	1.000000e-030	1.010633e-002	1.000000e-030	8.085065e-002	1.000000e-030	3.031899e-002	1.000000e-030	1.000000e-030	
