8.518436e-001	1.481564e-001	0.000000e+000	0.000000e+000	0.000000e+000	
0.000000e+000	9.243964e-001	7.560362e-002	0.000000e+000	0.000000e+000	
0.000000e+000	0.000000e+000	8.560533e-001	1.439467e-001	0.000000e+000	
0.000000e+000	0.000000e+000	0.000000e+000	9.520837e-001	4.791632e-002	
0.000000e+000	0.000000e+000	0.000000e+000	0.000000e+000	1.000000e+000	
1.000000e-030	1.000000e-030	1.000000e-030	1.000000e-030	1.000000e-030	2.075126e-001	1.000000e-030	1.000000e-030	1.000000e-030	1.000000e-030	1.000000e-030	1.000000e-030	1.000000e-030	1.000000e-030	1.000000e-030	1.311293e-001	1.000000e-030	1.000000e-030	1.000000e-030	1.000000e-030	1.000000e-030	2.990708e-001	1.000000e-030	1.151986e-001	1.000000e-030	1.000000e-030	1.000000e-030	1.000000e-030	1.000000e-030	1.000000e-030	1.000000e-030	2.470887e-001	
1.000000e-030	1.000000e-030	1.000000e-030	1.000000e-030	1.000000e-030	2.704033e-001	1.000000e-030	1.000000e-030	1.000000e-030	1.000000e-030	1.000000e-030	1.000000e-030	1.000000e-030	7.976714e-007	1.000000e-030	1.598733e-001	1.000000e-030	1.000000e-030	1.000000e-030	1.000000e-030	1.000000e-030	3.009889e-001	1.000000e-030	1.680255e-001	1.000000e-030	1.000000e-030	1.000000e-030	1.000000e-030	1.000000e-030	1.000000e-030	1.000000e-030	1.007082e-001	
1.000000e-030	1.000000e-030	1.000000e-030	1.400212e-001	1.000000e-030	3.278502e-003	1.000000e-030	1.000000e-030	1.000000e-030	1.000000e-030	1.000000e-030	1.000000e-030	1.000000e-030	1.439452e-001	1.000000e-030	4.341759e-005	1.000000e-030	1.000000e-030	1.000000e-030	3.606648e-018	1.000000e-030	2.821858e-001	1.000000e-030	1.365958e-016	1.000000e-030	1.000000e-030	1.000000e-030	1.000000e-030	1.000000e-030	1.000000e-030	1.000000e-030	4.305258e-001	
1.000000e-030	1.000000e-030	1.000000e-030	1.929720e-001	1.000000e-030	1.684928e-001	1.000000e-030	1.000000e-030	1.000000e-030	1.000000e-030	1.000000e-030	1.000000e-030	1.000000e-030	1.000000e-030	1.000000e-030	9.117384e-002	1.000000e-030	1.000000e-030	1.000000e-030	4.310100e-001	1.000000e-030	1.911461e-003	1.000000e-030	4.252022e-011	1.000000e-030	1.000000e-030	1.000000e-030	1.000000e-030	1.000000e-030	1.000000e-030	1.000000e-030	1.144399e-001	
1.000000e-030	1.000000e-030	1.000000e-030	9.880762e-003	1.000000e-030	2.517974e-001	1.000000e-030	1.000000e-030	1.000000e-030	1.000000e-030	1.000000e-030	3.952305e-002	1.000000e-030	1.000000e-030	1.000000e-030	2.072221e-002	1.000000e-030	9.880762e-003	1.000000e-030	1.981038e-002	1.000000e-030	2.470191e-001	1.000000e-030	5.928457e-002	1.000000e-030	1.000000e-030	1.000000e-030	1.482114e-001	1.000000e-030	2.964229e-002	1.000000e-030	1.642281e-001	
