8.613257e-001	1.386743e-001	0.000000e+000	0.000000e+000	0.000000e+000	
0.000000e+000	8.693764e-001	1.306236e-001	0.000000e+000	0.000000e+000	
0.000000e+000	0.000000e+000	9.174708e-001	8.252918e-002	0.000000e+000	
0.000000e+000	0.000000e+000	0.000000e+000	9.409893e-001	5.901069e-002	
0.000000e+000	0.000000e+000	0.000000e+000	0.000000e+000	1.000000e+000	
1.000000e-030	1.000000e-030	1.000000e-030	1.000000e-030	1.000000e-030	5.772242e-001	1.000000e-030	1.000000e-030	1.000000e-030	1.000000e-030	1.000000e-030	1.000000e-030	1.000000e-030	1.000000e-030	1.000000e-030	1.000000e-030	1.000000e-030	1.000000e-030	1.000000e-030	1.000000e-030	1.000000e-030	2.842019e-001	1.000000e-030	8.689465e-005	1.000000e-030	1.000000e-030	1.000000e-030	1.000000e-030	1.000000e-030	1.000000e-030	1.000000e-030	1.384871e-001	
1.000000e-030	1.000000e-030	1.000000e-030	1.000000e-030	1.000000e-030	4.109348e-001	1.000000e-030	1.000000e-030	1.000000e-030	1.000000e-030	1.000000e-030	1.000000e-030	1.000000e-030	1.000000e-030	1.000000e-030	1.000000e-030	1.000000e-030	1.365057e-002	1.000000e-030	4.957612e-022	1.000000e-030	3.204578e-001	1.000000e-030	2.547804e-001	1.000000e-030	1.000000e-030	1.000000e-030	1.000000e-030	1.000000e-030	1.000000e-030	1.000000e-030	1.763856e-004	
1.000000e-030	1.000000e-030	1.000000e-030	1.788906e-008	1.000000e-030	2.220773e-001	1.000000e-030	1.000000e-030	1.000000e-030	1.000000e-030	1.000000e-030	1.000000e-030	1.000000e-030	1.000000e-030	1.000000e-030	1.000000e-030	1.000000e-030	7.390453e-002	1.000000e-030	8.233316e-002	1.000000e-030	2.879604e-001	1.000000e-030	3.337246e-001	1.000000e-030	1.000000e-030	1.000000e-030	1.000000e-030	1.000000e-030	1.000000e-030	1.000000e-030	6.988497e-023	
1.000000e-030	1.000000e-030	1.000000e-030	4.124638e-001	1.000000e-030	3.416690e-001	1.000000e-030	1.000000e-030	1.000000e-030	1.000000e-030	1.000000e-030	1.000000e-030	1.000000e-030	1.000000e-030	1.000000e-030	1.000000e-030	1.000000e-030	5.879584e-002	1.000000e-030	5.914029e-002	1.000000e-030	5.541463e-004	1.000000e-030	1.273769e-001	1.000000e-030	1.000000e-030	1.000000e-030	1.000000e-030	1.000000e-030	1.000000e-030	1.000000e-030	1.000000e-030	
1.000000e-030	1.000000e-030	1.000000e-030	2.865087e-002	1.000000e-030	3.255989e-001	1.000000e-030	1.000000e-030	1.000000e-030	1.000000e-030	1.000000e-030	7.613952e-002	1.000000e-030	1.000000e-030	1.000000e-030	9.517440e-003	1.000000e-030	9.552103e-003	9.517440e-003	1.046935e-001	2.855232e-002	1.427493e-001	1.000000e-030	8.419722e-002	1.000000e-030	1.000000e-030	1.000000e-030	2.855232e-002	1.000000e-030	8.565696e-002	1.000000e-030	6.662208e-002	
