8.759965e-001	1.240035e-001	0.000000e+000	0.000000e+000	0.000000e+000	
0.000000e+000	8.178715e-001	1.821285e-001	0.000000e+000	0.000000e+000	
0.000000e+000	0.000000e+000	8.160943e-001	1.839057e-001	0.000000e+000	
0.000000e+000	0.000000e+000	0.000000e+000	9.194353e-001	8.056471e-002	
0.000000e+000	0.000000e+000	0.000000e+000	0.000000e+000	1.000000e+000	
1.000000e-030	1.000000e-030	1.000000e-030	1.000000e-030	1.000000e-030	6.198622e-001	1.000000e-030	1.000000e-030	1.000000e-030	1.000000e-030	1.000000e-030	1.000000e-030	1.000000e-030	1.000000e-030	1.000000e-030	6.001657e-006	1.000000e-030	1.000000e-030	1.000000e-030	1.000000e-030	1.000000e-030	2.929800e-001	1.000000e-030	1.000000e-030	1.000000e-030	1.000000e-030	1.000000e-030	1.000000e-030	1.000000e-030	1.000000e-030	1.000000e-030	8.715174e-002	
1.000000e-030	1.000000e-030	1.000000e-030	1.000000e-030	1.000000e-030	3.644854e-001	1.000000e-030	1.000000e-030	1.000000e-030	1.000000e-030	1.000000e-030	1.000000e-030	1.000000e-030	1.000000e-030	1.000000e-030	1.820488e-001	1.000000e-030	1.000000e-030	1.000000e-030	1.000000e-030	1.000000e-030	3.402938e-001	1.000000e-030	1.000000e-030	1.000000e-030	1.000000e-030	1.000000e-030	1.000000e-030	1.000000e-030	1.000000e-030	1.000000e-030	1.131720e-001	
1.000000e-030	1.000000e-030	1.000000e-030	2.025750e-006	1.000000e-030	4.263661e-009	1.000000e-030	1.000000e-030	1.000000e-030	1.000000e-030	1.000000e-030	1.000000e-030	1.000000e-030	1.000000e-030	1.000000e-030	3.678831e-001	1.000000e-030	1.000000e-030	1.000000e-030	1.825211e-001	1.000000e-030	3.253107e-001	1.000000e-030	1.000000e-030	1.000000e-030	1.000000e-030	1.000000e-030	1.000000e-030	1.000000e-030	1.000000e-030	1.000000e-030	1.242831e-001	
1.000000e-030	1.000000e-030	1.000000e-030	7.250815e-001	1.000000e-030	2.743060e-001	1.000000e-030	1.000000e-030	1.000000e-030	1.000000e-030	1.000000e-030	1.000000e-030	1.000000e-030	1.000000e-030	1.000000e-030	5.803392e-015	1.000000e-030	1.000000e-030	1.000000e-030	6.065836e-004	1.000000e-030	1.889271e-026	1.000000e-030	1.000000e-030	1.000000e-030	1.000000e-030	1.000000e-030	1.000000e-030	1.000000e-030	1.000000e-030	1.000000e-030	5.894292e-006	
1.000000e-030	1.000000e-030	1.000000e-030	8.342067e-015	1.000000e-030	3.707229e-001	1.000000e-030	1.000000e-030	1.000000e-030	1.000000e-030	1.000000e-030	4.251877e-002	1.000000e-030	1.000000e-030	1.000000e-030	8.503753e-003	1.000000e-030	1.000000e-030	1.000000e-030	1.000000e-030	1.000000e-030	2.466088e-001	1.000000e-030	8.503753e-003	1.000000e-030	1.000000e-030	1.000000e-030	1.360601e-001	1.000000e-030	3.401501e-002	1.000000e-030	1.530669e-001	
