8.564545e-001	1.435455e-001	0.000000e+000	0.000000e+000	0.000000e+000	
0.000000e+000	5.082539e-001	4.917461e-001	0.000000e+000	0.000000e+000	
0.000000e+000	0.000000e+000	9.615385e-001	3.846154e-002	0.000000e+000	
0.000000e+000	0.000000e+000	0.000000e+000	8.571453e-001	1.428547e-001	
0.000000e+000	0.000000e+000	0.000000e+000	0.000000e+000	1.000000e+000	
1.000000e-030	1.000000e-030	1.000000e-030	1.435455e-001	1.000000e-030	1.435455e-001	1.000000e-030	1.000000e-030	1.000000e-030	1.000000e-030	1.000000e-030	1.000000e-030	1.000000e-030	1.000000e-030	1.000000e-030	4.306366e-001	1.000000e-030	1.000000e-030	1.000000e-030	1.000000e-030	1.000000e-030	2.822723e-001	1.000000e-030	1.000000e-030	1.000000e-030	1.000000e-030	1.000000e-030	1.000000e-030	1.000000e-030	1.000000e-030	1.000000e-030	1.000000e-030	
1.000000e-030	1.000000e-030	1.000000e-030	1.000000e-030	1.000000e-030	1.000000e-030	1.000000e-030	1.000000e-030	1.000000e-030	1.000000e-030	1.000000e-030	1.000000e-030	1.000000e-030	1.000000e-030	1.000000e-030	1.000000e-030	1.000000e-030	1.000000e-030	1.000000e-030	1.000000e-030	1.000000e-030	1.650784e-002	1.000000e-030	1.000000e-030	1.000000e-030	1.000000e-030	1.000000e-030	1.000000e-030	1.000000e-030	1.000000e-030	1.000000e-030	9.834922e-001	
1.000000e-030	1.000000e-030	1.000000e-030	1.000000e-030	1.000000e-030	4.615385e-001	1.000000e-030	1.000000e-030	1.000000e-030	1.000000e-030	1.000000e-030	1.000000e-030	1.000000e-030	1.000000e-030	1.000000e-030	3.846154e-002	1.000000e-030	3.846154e-002	1.000000e-030	1.000000e-030	1.000000e-030	4.615385e-001	1.000000e-030	1.000000e-030	1.000000e-030	1.000000e-030	1.000000e-030	1.000000e-030	1.000000e-030	1.000000e-030	1.000000e-030	1.000000e-030	
1.000000e-030	2.857095e-001	1.000000e-030	1.000000e-030	1.000000e-030	1.000000e-030	1.000000e-030	1.000000e-030	1.000000e-030	1.000000e-030	1.000000e-030	5.714189e-001	1.000000e-030	1.000000e-030	1.000000e-030	1.000000e-030	1.000000e-030	1.000000e-030	1.000000e-030	1.000000e-030	1.690503e-005	1.000000e-030	1.000000e-030	1.000000e-030	1.000000e-030	1.000000e-030	1.000000e-030	1.000000e-030	1.000000e-030	1.000000e-030	1.000000e-030	1.428547e-001	
1.000000e-030	1.000000e-030	1.000000e-030	9.345805e-003	1.000000e-030	2.803741e-001	1.000000e-030	1.000000e-030	1.000000e-030	1.869161e-002	1.000000e-030	1.000000e-030	1.000000e-030	1.000000e-030	1.000000e-030	3.738322e-002	1.000000e-030	9.345805e-003	1.000000e-030	2.803741e-002	8.411114e-002	2.149535e-001	1.000000e-030	1.495329e-001	1.000000e-030	1.000000e-030	1.000000e-030	3.738322e-002	1.000000e-030	4.672902e-002	1.000000e-030	8.411224e-002	
