3.725807e-001	6.274193e-001	0.000000e+000	0.000000e+000	0.000000e+000	
0.000000e+000	8.795911e-001	1.204089e-001	0.000000e+000	0.000000e+000	
0.000000e+000	0.000000e+000	9.526092e-001	4.739082e-002	0.000000e+000	
0.000000e+000	0.000000e+000	0.000000e+000	9.522661e-001	4.773394e-002	
0.000000e+000	0.000000e+000	0.000000e+000	0.000000e+000	1.000000e+000	
1.000000e-030	1.000000e-030	1.000000e-030	1.000000e-030	1.000000e-030	1.000000e-030	1.000000e-030	1.000000e-030	1.000000e-030	1.000000e-030	1.000000e-030	1.000000e-030	1.000000e-030	1.000000e-030	1.000000e-030	1.000000e+000	1.000000e-030	1.000000e-030	1.000000e-030	1.000000e-030	1.000000e-030	3.038002e-008	1.000000e-030	1.000000e-030	1.000000e-030	1.000000e-030	1.000000e-030	1.000000e-030	1.000000e-030	1.000000e-030	1.000000e-030	1.000000e-030	
1.000000e-030	1.000000e-030	1.000000e-030	1.000000e-030	1.000000e-030	1.539950e-001	1.000000e-030	1.000000e-030	1.000000e-030	1.000000e-030	1.000000e-030	1.000000e-030	1.000000e-030	1.000000e-030	1.000000e-030	2.897241e-001	1.000000e-030	1.000000e-030	1.000000e-030	1.000000e-030	1.000000e-030	3.613049e-001	1.000000e-030	1.000000e-030	1.000000e-030	1.000000e-030	1.000000e-030	1.000000e-030	1.000000e-030	1.000000e-030	1.000000e-030	1.949760e-001	
1.000000e-030	1.000000e-030	1.000000e-030	4.739082e-002	1.000000e-030	4.606893e-001	1.000000e-030	1.000000e-030	1.000000e-030	1.000000e-030	1.000000e-030	1.000000e-030	1.000000e-030	1.000000e-030	5.273600e-023	1.000000e-030	1.000000e-030	1.000000e-030	1.000000e-030	1.000000e-030	1.000000e-030	1.895324e-001	1.000000e-030	1.421725e-001	1.000000e-030	1.000000e-030	1.000000e-030	1.000000e-030	1.000000e-030	1.000000e-030	1.000000e-030	1.602150e-001	
1.000000e-030	1.000000e-030	1.000000e-030	1.000000e-030	1.000000e-030	1.000000e-030	1.000000e-030	1.000000e-030	4.773394e-002	1.000000e-030	1.000000e-030	1.909358e-001	1.000000e-030	1.000000e-030	4.773394e-002	1.000000e-030	1.000000e-030	1.000000e-030	1.000000e-030	1.000000e-030	3.341376e-001	2.890509e-028	1.000000e-030	1.000000e-030	1.000000e-030	1.000000e-030	1.000000e-030	1.432018e-001	1.000000e-030	2.362570e-001	1.000000e-030	1.433836e-010	
1.000000e-030	1.000000e-030	1.000000e-030	1.030391e-002	1.000000e-030	2.885095e-001	1.000000e-030	1.000000e-030	1.000000e-030	1.000000e-030	1.000000e-030	1.000000e-030	1.000000e-030	1.000000e-030	1.000000e-030	6.182346e-002	1.000000e-030	1.000000e-030	1.000000e-030	1.236469e-001	1.030391e-002	3.400290e-001	1.000000e-030	7.212736e-002	1.000000e-030	1.000000e-030	1.000000e-030	1.000000e-030	1.000000e-030	1.082472e-002	1.000000e-030	8.243127e-002	
