8.746767e-001	1.253233e-001	0.000000e+000	0.000000e+000	0.000000e+000	
0.000000e+000	5.174546e-001	4.825454e-001	0.000000e+000	0.000000e+000	
0.000000e+000	0.000000e+000	9.331027e-001	6.689728e-002	0.000000e+000	
0.000000e+000	0.000000e+000	0.000000e+000	9.455644e-001	5.443562e-002	
0.000000e+000	0.000000e+000	0.000000e+000	0.000000e+000	1.000000e+000	
1.000000e-030	1.000000e-030	1.000000e-030	1.000000e-030	1.000000e-030	1.285772e-001	1.000000e-030	1.000000e-030	1.000000e-030	1.000000e-030	1.000000e-030	1.000000e-030	1.000000e-030	1.000000e-030	1.000000e-030	1.253401e-001	1.000000e-030	1.000000e-030	1.000000e-030	1.000000e-030	1.000000e-030	2.953888e-001	1.000000e-030	2.506465e-001	1.000000e-030	1.000000e-030	1.000000e-030	1.000000e-030	1.000000e-030	1.000000e-030	1.000000e-030	2.000474e-001	
1.000000e-030	1.000000e-030	1.000000e-030	1.000000e-030	1.000000e-030	5.161264e-006	1.000000e-030	1.000000e-030	1.000000e-030	1.000000e-030	1.000000e-030	1.000000e-030	1.000000e-030	1.000000e-030	1.000000e-030	2.179207e-010	1.000000e-030	1.000000e-030	1.000000e-030	1.000000e-030	1.000000e-030	3.226222e-001	1.000000e-030	1.000000e-030	1.000000e-030	1.000000e-030	1.000000e-030	1.000000e-030	1.000000e-030	1.000000e-030	1.000000e-030	6.773726e-001	
1.000000e-030	1.000000e-030	1.000000e-030	1.000000e-030	1.000000e-030	5.334406e-001	1.000000e-030	1.000000e-030	1.000000e-030	1.000000e-030	1.000000e-030	1.000000e-030	1.000000e-030	1.000000e-030	1.000000e-030	6.688830e-002	1.000000e-030	1.000000e-030	1.000000e-030	6.689728e-002	1.000000e-030	2.658766e-001	1.000000e-030	6.689728e-002	1.000000e-030	1.000000e-030	1.000000e-030	1.000000e-030	1.000000e-030	1.000000e-030	1.000000e-030	1.000000e-030	
1.000000e-030	1.000000e-030	1.000000e-030	6.526244e-001	1.000000e-030	1.296160e-001	1.000000e-030	1.000000e-030	1.000000e-030	1.000000e-030	1.000000e-030	1.000000e-030	1.000000e-030	1.000000e-030	1.000000e-030	1.000000e-030	1.000000e-030	5.443562e-002	1.000000e-030	1.000000e-030	1.000000e-030	1.633240e-001	1.000000e-030	1.000000e-030	1.000000e-030	1.000000e-030	1.000000e-030	1.000000e-030	1.000000e-030	1.000000e-030	1.000000e-030	1.000000e-030	
1.000000e-030	2.840111e-002	1.000000e-030	9.571908e-003	1.000000e-030	4.413429e-001	1.000000e-030	2.840111e-002	1.000000e-030	1.000000e-030	1.000000e-030	5.680222e-002	1.000000e-030	1.000000e-030	1.000000e-030	9.467037e-003	1.000000e-030	1.000000e-030	1.000000e-030	2.840111e-002	1.000000e-030	1.609366e-001	1.000000e-030	4.733518e-002	1.000000e-030	1.000000e-030	1.000000e-030	1.230715e-001	1.000000e-030	2.840111e-002	1.000000e-030	3.786815e-002	
