8.616616e-001	1.383384e-001	0.000000e+000	0.000000e+000	0.000000e+000	
0.000000e+000	8.768681e-001	1.231319e-001	0.000000e+000	0.000000e+000	
0.000000e+000	0.000000e+000	8.090430e-001	1.909570e-001	0.000000e+000	
0.000000e+000	0.000000e+000	0.000000e+000	9.049468e-001	9.505324e-002	
0.000000e+000	0.000000e+000	0.000000e+000	0.000000e+000	1.000000e+000	
1.000000e-030	1.000000e-030	1.000000e-030	1.000000e-030	1.000000e-030	4.848057e-001	1.000000e-030	1.000000e-030	1.000000e-030	1.000000e-030	1.000000e-030	1.000000e-030	1.000000e-030	1.000000e-030	1.000000e-030	1.000000e-030	1.000000e-030	1.000000e-030	1.000000e-030	1.000000e-030	1.000000e-030	6.175772e-003	1.000000e-030	1.000000e-030	1.000000e-030	1.000000e-030	1.000000e-030	1.000000e-030	1.000000e-030	1.000000e-030	1.000000e-030	5.090186e-001	
1.000000e-030	1.000000e-030	1.000000e-030	9.008872e-012	1.000000e-030	3.022283e-001	1.000000e-030	1.000000e-030	1.000000e-030	1.000000e-030	1.000000e-030	1.000000e-030	1.000000e-030	1.000000e-030	1.000000e-030	1.000000e-030	1.000000e-030	1.000000e-030	1.000000e-030	1.000000e-030	1.000000e-030	4.870305e-001	1.000000e-030	1.000000e-030	1.000000e-030	1.000000e-030	1.000000e-030	1.000000e-030	1.000000e-030	1.000000e-030	1.000000e-030	2.107411e-001	
1.000000e-030	1.000000e-030	1.000000e-030	6.881243e-001	1.000000e-030	2.199968e-002	1.000000e-030	1.000000e-030	1.000000e-030	1.000000e-030	1.000000e-030	1.000000e-030	1.000000e-030	1.000000e-030	1.000000e-030	1.000000e-030	1.000000e-030	1.000000e-030	1.000000e-030	1.000000e-030	1.000000e-030	1.923703e-008	1.000000e-030	4.474088e-025	1.000000e-030	1.000000e-030	1.000000e-030	1.000000e-030	1.000000e-030	1.000000e-030	1.000000e-030	2.898760e-001	
1.000000e-030	1.000000e-030	1.000000e-030	7.030560e-001	1.000000e-030	8.799943e-002	1.000000e-030	1.000000e-030	1.000000e-030	1.000000e-030	1.000000e-030	1.000000e-030	1.000000e-030	1.000000e-030	1.000000e-030	7.510421e-014	1.000000e-030	1.000000e-030	1.000000e-030	9.505324e-002	1.000000e-030	1.000000e-030	1.000000e-030	9.505324e-002	1.000000e-030	1.000000e-030	1.000000e-030	1.000000e-030	1.000000e-030	1.000000e-030	1.000000e-030	1.883805e-002	
1.000000e-030	1.000000e-030	1.000000e-030	1.294729e-019	1.000000e-030	1.611634e-001	1.000000e-030	1.000000e-030	1.000000e-030	1.000000e-030	1.000000e-030	3.392914e-002	1.000000e-030	1.000000e-030	8.482284e-003	7.634056e-002	1.000000e-030	1.000000e-030	1.000000e-030	1.000000e-030	1.000000e-030	2.629508e-001	1.000000e-030	1.696457e-002	1.000000e-030	1.000000e-030	1.000000e-030	1.187520e-001	1.000000e-030	3.392914e-002	1.000000e-030	2.874881e-001	
