8.364973e-001	1.635027e-001	0.000000e+000	0.000000e+000	0.000000e+000	
0.000000e+000	6.413561e-001	3.586439e-001	0.000000e+000	0.000000e+000	
0.000000e+000	0.000000e+000	9.610958e-001	3.890417e-002	0.000000e+000	
0.000000e+000	0.000000e+000	0.000000e+000	9.447196e-001	5.528039e-002	
0.000000e+000	0.000000e+000	0.000000e+000	0.000000e+000	1.000000e+000	
1.000000e-030	1.000000e-030	1.000000e-030	1.186334e-013	1.000000e-030	8.364973e-001	1.000000e-030	1.000000e-030	1.000000e-030	1.000000e-030	1.000000e-030	1.000000e-030	1.000000e-030	1.000000e-030	1.000000e-030	1.635027e-001	1.000000e-030	1.000000e-030	1.000000e-030	1.000000e-030	1.000000e-030	1.000000e-030	1.000000e-030	1.000000e-030	1.000000e-030	1.000000e-030	1.000000e-030	1.000000e-030	1.000000e-030	1.000000e-030	1.000000e-030	1.000000e-030	
1.000000e-030	1.000000e-030	1.000000e-030	3.586439e-001	1.000000e-030	6.413561e-001	1.000000e-030	1.000000e-030	1.000000e-030	1.000000e-030	1.000000e-030	1.000000e-030	1.000000e-030	1.000000e-030	1.000000e-030	1.431657e-014	1.000000e-030	1.000000e-030	1.000000e-030	1.000000e-030	1.000000e-030	1.000000e-030	1.000000e-030	3.447849e-014	1.000000e-030	1.000000e-030	1.000000e-030	1.000000e-030	1.000000e-030	1.000000e-030	1.000000e-030	1.000000e-030	
1.000000e-030	1.000000e-030	1.000000e-030	1.136552e-012	1.000000e-030	4.942458e-001	1.000000e-030	1.000000e-030	1.000000e-030	1.000000e-030	1.000000e-030	1.000000e-030	1.000000e-030	1.000000e-030	1.000000e-030	1.000000e-030	1.000000e-030	1.167125e-001	1.000000e-030	1.000000e-030	1.000000e-030	1.167125e-001	1.000000e-030	2.723292e-001	1.000000e-030	1.000000e-030	1.000000e-030	1.000000e-030	1.000000e-030	1.000000e-030	1.000000e-030	1.000000e-030	
1.000000e-030	1.000000e-030	1.000000e-030	1.658217e-001	1.000000e-030	3.235499e-001	1.000000e-030	1.000000e-030	1.000000e-030	1.000000e-030	1.000000e-030	1.000000e-030	1.000000e-030	1.000000e-030	1.000000e-030	1.000000e-030	1.000000e-030	4.232843e-018	1.000000e-030	2.187963e-001	1.000000e-030	2.917784e-001	1.000000e-030	1.000000e-030	1.000000e-030	1.000000e-030	1.000000e-030	1.000000e-030	1.000000e-030	1.000000e-030	1.000000e-030	5.368397e-005	
1.000000e-030	1.038402e-002	1.000000e-030	1.038768e-002	1.000000e-030	2.548086e-001	1.000000e-030	1.038402e-002	1.000000e-030	1.000000e-030	1.000000e-030	3.115206e-002	1.000000e-030	1.038402e-002	1.000000e-030	1.038402e-002	1.000000e-030	3.115206e-002	1.000000e-030	8.350893e-002	1.038402e-002	1.113359e-001	1.000000e-030	1.972964e-001	1.000000e-030	1.000000e-030	1.000000e-030	1.246082e-001	1.000000e-030	8.307215e-002	1.000000e-030	2.075795e-002	
