7.347846e-001	2.652154e-001	0.000000e+000	0.000000e+000	0.000000e+000	
0.000000e+000	8.947451e-001	1.052549e-001	0.000000e+000	0.000000e+000	
0.000000e+000	0.000000e+000	9.156989e-001	8.430111e-002	0.000000e+000	
0.000000e+000	0.000000e+000	0.000000e+000	9.664157e-001	3.358428e-002	
0.000000e+000	0.000000e+000	0.000000e+000	0.000000e+000	1.000000e+000	
1.000000e-030	6.216464e-005	1.000000e-030	1.000000e-030	1.000000e-030	5.331187e-022	1.000000e-030	4.695071e-001	1.000000e-030	1.000000e-030	1.000000e-030	1.000000e-030	1.000000e-030	1.000000e-030	1.000000e-030	5.304308e-001	1.000000e-030	1.000000e-030	1.000000e-030	1.000000e-030	1.000000e-030	1.000000e-030	1.000000e-030	1.000000e-030	1.000000e-030	1.000000e-030	1.000000e-030	1.000000e-030	1.000000e-030	1.000000e-030	1.000000e-030	1.000000e-030	
1.000000e-030	3.577265e-001	1.000000e-030	1.000000e-030	1.000000e-030	1.436287e-001	1.000000e-030	7.837135e-002	1.000000e-030	1.000000e-030	1.000000e-030	1.000000e-030	1.000000e-030	1.000000e-030	1.000000e-030	8.874745e-020	1.000000e-030	4.202734e-001	1.000000e-030	1.000000e-030	1.000000e-030	4.738599e-025	1.000000e-030	1.000000e-030	1.000000e-030	1.000000e-030	1.000000e-030	1.000000e-030	1.000000e-030	1.000000e-030	1.000000e-030	1.000000e-030	
1.000000e-030	2.613699e-001	1.000000e-030	1.000000e-030	1.000000e-030	4.560557e-001	1.000000e-030	1.967558e-001	1.000000e-030	1.000000e-030	1.000000e-030	1.000000e-030	1.000000e-030	1.000000e-030	1.000000e-030	1.000000e-030	1.000000e-030	1.536652e-003	1.000000e-030	1.000000e-030	1.000000e-030	8.428196e-002	1.000000e-030	1.000000e-030	1.000000e-030	1.000000e-030	1.000000e-030	1.000000e-030	1.000000e-030	1.000000e-030	1.000000e-030	1.000000e-030	
1.000000e-030	1.460677e-001	1.000000e-030	6.715891e-002	1.000000e-030	1.083287e-001	1.000000e-030	4.025444e-001	1.000000e-030	1.000000e-030	1.000000e-030	1.000000e-030	1.000000e-030	1.000000e-030	3.358424e-002	1.000000e-030	1.000000e-030	2.087242e-001	1.000000e-030	1.000000e-030	1.000000e-030	7.631401e-006	1.000000e-030	3.358428e-002	1.000000e-030	1.000000e-030	1.000000e-030	1.000000e-030	1.000000e-030	1.000000e-030	1.000000e-030	1.000000e-030	
1.000000e-030	2.035418e-001	1.000000e-030	3.054644e-006	1.000000e-030	1.169085e-001	1.000000e-030	2.355714e-001	3.188414e-002	1.000000e-030	1.000000e-030	4.251219e-002	1.000000e-030	1.000000e-030	1.192254e-008	1.000000e-030	1.000000e-030	1.889021e-001	1.000000e-030	1.000000e-030	6.376829e-002	1.062805e-002	1.000000e-030	1.062805e-002	1.000000e-030	1.000000e-030	1.000000e-030	6.376829e-002	1.000000e-030	3.188414e-002	1.000000e-030	1.000000e-030	
