8.424420e-001	1.575580e-001	0.000000e+000	0.000000e+000	0.000000e+000	
0.000000e+000	8.692990e-001	1.307010e-001	0.000000e+000	0.000000e+000	
0.000000e+000	0.000000e+000	8.776043e-001	1.223957e-001	0.000000e+000	
0.000000e+000	0.000000e+000	0.000000e+000	9.699673e-001	3.003271e-002	
0.000000e+000	0.000000e+000	0.000000e+000	0.000000e+000	1.000000e+000	
1.000000e-030	4.566420e-001	1.000000e-030	1.000000e-030	1.000000e-030	7.040583e-002	1.000000e-030	1.752072e-001	1.000000e-030	1.000000e-030	1.000000e-030	1.000000e-030	1.000000e-030	1.000000e-030	1.000000e-030	1.000000e-030	1.000000e-030	2.977450e-001	1.000000e-030	1.000000e-030	1.000000e-030	1.000000e-030	1.000000e-030	1.000000e-030	1.000000e-030	1.000000e-030	1.000000e-030	1.000000e-030	1.000000e-030	1.000000e-030	1.000000e-030	1.000000e-030	
1.000000e-030	4.054400e-001	1.000000e-030	1.000000e-030	1.000000e-030	7.228089e-002	1.000000e-030	1.971256e-001	1.000000e-030	1.000000e-030	1.000000e-030	1.000000e-030	1.000000e-030	1.000000e-030	1.000000e-030	1.000000e-030	1.000000e-030	3.251536e-001	1.000000e-030	1.000000e-030	1.000000e-030	1.000000e-030	1.000000e-030	1.000000e-030	1.000000e-030	1.000000e-030	1.000000e-030	1.000000e-030	1.000000e-030	1.000000e-030	1.000000e-030	1.000000e-030	
1.000000e-030	2.578641e-004	1.000000e-030	1.000000e-030	1.000000e-030	1.284337e-019	1.000000e-030	8.611620e-001	1.000000e-030	1.000000e-030	1.000000e-030	1.000000e-030	1.000000e-030	1.000000e-030	1.000000e-030	1.000000e-030	1.000000e-030	1.385802e-001	1.000000e-030	1.000000e-030	1.000000e-030	1.000000e-030	1.000000e-030	1.000000e-030	1.000000e-030	1.000000e-030	1.000000e-030	1.000000e-030	1.000000e-030	1.000000e-030	1.000000e-030	1.000000e-030	
1.000000e-030	4.456794e-001	1.000000e-030	1.000000e-030	1.000000e-030	5.572261e-002	1.000000e-030	2.747252e-001	1.000000e-030	1.000000e-030	1.000000e-030	4.415290e-016	1.000000e-030	1.000000e-030	1.000000e-030	1.000000e-030	1.000000e-030	2.238728e-001	1.000000e-030	1.000000e-030	1.000000e-030	1.000000e-030	1.000000e-030	1.000000e-030	1.000000e-030	1.000000e-030	1.000000e-030	1.000000e-030	1.000000e-030	1.000000e-030	1.000000e-030	1.000000e-030	
1.000000e-030	3.331145e-001	1.000000e-030	1.000000e-030	1.000000e-030	2.292966e-002	1.000000e-030	1.090112e-001	1.000000e-030	1.000000e-030	1.000000e-030	7.483843e-002	1.000000e-030	1.000000e-030	1.000000e-030	1.000000e-030	1.000000e-030	1.714437e-001	1.000000e-030	6.414723e-002	9.622084e-002	1.000000e-030	1.000000e-030	4.276482e-002	1.000000e-030	1.000000e-030	1.000000e-030	8.552964e-002	1.000000e-030	1.000000e-030	1.000000e-030	1.000000e-030	
