5.005177e-001	4.994823e-001	0.000000e+000	0.000000e+000	0.000000e+000	
0.000000e+000	9.015829e-001	9.841708e-002	0.000000e+000	0.000000e+000	
0.000000e+000	0.000000e+000	9.467589e-001	5.324108e-002	0.000000e+000	
0.000000e+000	0.000000e+000	0.000000e+000	9.487575e-001	5.124249e-002	
0.000000e+000	0.000000e+000	0.000000e+000	0.000000e+000	1.000000e+000	
1.000000e-030	1.000000e-030	1.000000e-030	1.000000e-030	1.000000e-030	1.000000e-030	1.000000e-030	1.000000e-030	1.000000e-030	1.000000e-030	1.000000e-030	1.000000e-030	1.000000e-030	1.000000e-030	1.000000e-030	9.989645e-001	1.000000e-030	1.000000e-030	1.000000e-030	1.000000e-030	1.000000e-030	1.035468e-003	1.000000e-030	1.000000e-030	1.000000e-030	1.000000e-030	1.000000e-030	1.000000e-030	1.000000e-030	1.000000e-030	1.000000e-030	1.000000e-030	
1.000000e-030	1.000000e-030	1.000000e-030	1.000000e-030	1.000000e-030	5.518567e-001	1.000000e-030	1.000000e-030	1.000000e-030	1.000000e-030	1.000000e-030	1.000000e-030	1.000000e-030	1.000000e-030	1.000000e-030	2.476846e-019	1.000000e-030	1.000000e-030	1.000000e-030	1.000000e-030	1.000000e-030	3.497262e-001	1.000000e-030	9.841707e-002	1.000000e-030	1.000000e-030	1.000000e-030	1.000000e-030	1.000000e-030	1.000000e-030	1.000000e-030	6.379207e-008	
1.000000e-030	1.000000e-030	1.000000e-030	1.064747e-001	1.000000e-030	5.520597e-001	1.000000e-030	1.000000e-030	1.000000e-030	1.000000e-030	1.000000e-030	1.000000e-030	1.000000e-030	1.000000e-030	1.000000e-030	1.000000e-030	1.000000e-030	2.534750e-006	1.000000e-030	1.000000e-030	1.000000e-030	1.830581e-001	1.000000e-030	3.098337e-016	1.000000e-030	1.000000e-030	1.000000e-030	1.000000e-030	1.000000e-030	1.000000e-030	1.000000e-030	1.584050e-001	
1.000000e-030	1.000000e-030	1.000000e-030	1.024922e-001	1.000000e-030	3.057716e-001	1.000000e-030	1.000000e-030	1.000000e-030	1.000000e-030	1.000000e-030	1.000000e-030	1.000000e-030	1.000000e-030	1.000000e-030	1.000000e-030	1.000000e-030	1.003880e-001	1.000000e-030	1.000000e-030	1.000000e-030	3.077691e-001	1.000000e-030	1.806591e-001	1.000000e-030	1.651342e-003	1.000000e-030	1.000000e-030	1.000000e-030	1.000000e-030	1.000000e-030	1.268720e-003	
1.000000e-030	1.000000e-030	1.000000e-030	1.000000e-030	1.000000e-030	3.354640e-001	1.000000e-030	1.000000e-030	1.000000e-030	1.000000e-030	1.000000e-030	7.103747e-002	1.000000e-030	1.000000e-030	1.000000e-030	1.000000e-030	1.000000e-030	3.085943e-002	1.000000e-030	9.133389e-002	1.000000e-030	1.420749e-001	1.000000e-030	1.367413e-001	1.000000e-030	9.821173e-003	1.000000e-030	1.116303e-001	1.000000e-030	3.044463e-002	1.000000e-030	4.059284e-002	
