6.514758e-001	3.485242e-001	0.000000e+000	0.000000e+000	0.000000e+000	
0.000000e+000	8.588819e-001	1.411181e-001	0.000000e+000	0.000000e+000	
0.000000e+000	0.000000e+000	9.467405e-001	5.325948e-002	0.000000e+000	
0.000000e+000	0.000000e+000	0.000000e+000	9.484363e-001	5.156370e-002	
0.000000e+000	0.000000e+000	0.000000e+000	0.000000e+000	1.000000e+000	
1.000000e-030	1.000000e-030	1.000000e-030	1.000000e-030	1.000000e-030	7.874286e-001	1.000000e-030	1.000000e-030	1.000000e-030	1.000000e-030	1.000000e-030	1.000000e-030	1.000000e-030	1.000000e-030	1.000000e-030	1.000000e-030	1.000000e-030	1.000000e-030	1.000000e-030	1.000000e-030	1.000000e-030	2.125714e-001	1.000000e-030	1.000000e-030	1.000000e-030	1.000000e-030	1.000000e-030	1.000000e-030	1.000000e-030	1.000000e-030	1.000000e-030	1.000000e-030	
1.000000e-030	1.000000e-030	1.000000e-030	1.000000e-030	1.000000e-030	3.182823e-001	1.000000e-030	1.000000e-030	1.000000e-030	1.000000e-030	1.000000e-030	1.000000e-030	1.000000e-030	1.000000e-030	1.000000e-030	2.650165e-001	1.000000e-030	1.000000e-030	1.000000e-030	1.000000e-030	1.000000e-030	1.882985e-001	1.000000e-030	1.000000e-030	1.000000e-030	1.000000e-030	1.000000e-030	1.000000e-030	1.000000e-030	1.000000e-030	1.000000e-030	2.284026e-001	
1.000000e-030	1.000000e-030	1.000000e-030	1.000000e-030	1.000000e-030	2.738227e-001	1.000000e-030	1.000000e-030	1.000000e-030	1.000000e-030	1.000000e-030	1.000000e-030	1.000000e-030	1.000000e-030	1.000000e-030	5.818743e-002	1.000000e-030	1.000000e-030	1.000000e-030	5.257040e-002	1.000000e-030	1.200316e-001	1.000000e-030	8.426678e-002	1.000000e-030	1.000000e-030	1.000000e-030	1.000000e-030	1.000000e-030	1.000000e-030	1.000000e-030	4.111211e-001	
1.000000e-030	1.000000e-030	1.000000e-030	3.093822e-001	1.000000e-030	1.514585e-001	1.000000e-030	1.000000e-030	1.000000e-030	1.000000e-030	1.000000e-030	1.000000e-030	1.000000e-030	1.000000e-030	1.000000e-030	5.319163e-002	1.000000e-030	1.000000e-030	1.000000e-030	5.223085e-002	1.000000e-030	1.140062e-001	1.000000e-030	1.511468e-001	1.000000e-030	1.000000e-030	1.000000e-030	1.000000e-030	1.000000e-030	1.000000e-030	1.000000e-030	1.685838e-001	
1.000000e-030	1.000000e-030	1.000000e-030	1.000000e-030	1.000000e-030	1.725565e-001	1.000000e-030	9.913258e-003	1.000000e-030	1.000000e-030	1.000000e-030	5.947955e-002	1.000000e-030	1.000000e-030	1.000000e-030	5.945898e-002	1.000000e-030	1.000000e-030	1.000000e-030	1.000000e-030	1.982652e-002	2.834305e-001	1.000000e-030	3.456301e-002	1.000000e-030	1.000000e-030	1.000000e-030	8.921932e-002	1.000000e-030	3.965303e-002	1.000000e-030	2.318993e-001	
