6.666667e-001	3.333333e-001	0.000000e+000	0.000000e+000	0.000000e+000	
0.000000e+000	8.333333e-001	1.666667e-001	0.000000e+000	0.000000e+000	
0.000000e+000	0.000000e+000	7.251084e-001	2.748916e-001	0.000000e+000	
0.000000e+000	0.000000e+000	0.000000e+000	9.576384e-001	4.236157e-002	
0.000000e+000	0.000000e+000	0.000000e+000	0.000000e+000	1.000000e+000	
1.000000e-030	1.000000e-030	1.000000e-030	1.000000e-030	1.000000e-030	1.000000e-030	1.000000e-030	1.000000e-030	1.000000e-030	1.000000e-030	1.000000e-030	1.000000e-030	1.000000e-030	1.000000e-030	1.000000e-030	1.000000e-030	1.000000e-030	1.000000e-030	1.000000e-030	1.000000e-030	1.000000e-030	6.666667e-001	1.000000e-030	1.000000e-030	1.000000e-030	1.000000e-030	1.000000e-030	1.000000e-030	1.000000e-030	1.000000e-030	1.000000e-030	3.333333e-001	
1.000000e-030	1.000000e-030	1.000000e-030	1.000000e-030	1.000000e-030	6.666667e-001	1.000000e-030	1.000000e-030	1.000000e-030	1.000000e-030	1.000000e-030	1.000000e-030	1.000000e-030	1.000000e-030	1.000000e-030	1.666667e-001	1.000000e-030	1.000000e-030	1.000000e-030	1.000000e-030	1.000000e-030	1.000000e-030	1.000000e-030	1.666667e-001	1.000000e-030	1.000000e-030	1.000000e-030	1.000000e-030	1.000000e-030	1.000000e-030	1.000000e-030	4.297974e-017	
1.000000e-030	1.000000e-030	1.000000e-030	1.000000e-030	1.000000e-030	1.139610e-015	1.000000e-030	1.000000e-030	1.000000e-030	1.000000e-030	1.000000e-030	1.000000e-030	1.000000e-030	1.000000e-030	1.000000e-030	1.000000e-030	1.000000e-030	1.000000e-030	1.000000e-030	1.000000e-030	1.000000e-030	1.000000e+000	1.000000e-030	1.000000e-030	1.000000e-030	1.000000e-030	1.000000e-030	1.000000e-030	1.000000e-030	1.000000e-030	1.000000e-030	1.000000e-030	
1.000000e-030	1.000000e-030	1.000000e-030	1.269326e-001	1.000000e-030	5.949204e-001	1.000000e-030	3.797496e-024	1.000000e-030	1.000000e-030	1.000000e-030	1.000000e-030	1.000000e-030	1.000000e-030	1.000000e-030	1.000000e-030	1.000000e-030	1.000000e-030	1.000000e-030	1.000000e-030	1.000000e-030	2.110736e-001	1.000000e-030	1.000000e-030	1.000000e-030	1.000000e-030	1.000000e-030	1.000000e-030	1.000000e-030	1.000000e-030	1.000000e-030	6.707340e-002	
1.000000e-030	1.000000e-030	1.000000e-030	2.663800e-002	1.000000e-030	2.656724e-001	1.000000e-030	8.868715e-003	1.000000e-030	1.000000e-030	1.000000e-030	3.547486e-002	1.000000e-030	1.000000e-030	1.000000e-030	1.773743e-002	1.000000e-030	8.868715e-003	1.000000e-030	4.434358e-002	1.000000e-030	2.250839e-001	1.000000e-030	3.547486e-002	1.000000e-030	1.000000e-030	1.000000e-030	1.418994e-001	1.000000e-030	3.547486e-002	1.000000e-030	1.544633e-001	
