0.000000e+000	1.000000e+000	0.000000e+000	0.000000e+000	0.000000e+000	
0.000000e+000	9.090909e-001	9.090909e-002	0.000000e+000	0.000000e+000	
0.000000e+000	0.000000e+000	8.726424e-001	1.273576e-001	0.000000e+000	
0.000000e+000	0.000000e+000	0.000000e+000	9.293191e-001	7.068091e-002	
0.000000e+000	0.000000e+000	0.000000e+000	0.000000e+000	1.000000e+000	
1.000000e-030	1.000000e-030	1.000000e-030	1.000000e-030	1.000000e-030	1.000000e-030	1.000000e-030	1.000000e-030	1.000000e-030	1.000000e-030	1.000000e-030	1.000000e-030	1.000000e-030	1.000000e-030	1.000000e-030	1.000000e+000	1.000000e-030	1.000000e-030	1.000000e-030	1.000000e-030	1.000000e-030	1.000000e-030	1.000000e-030	1.000000e-030	1.000000e-030	1.000000e-030	1.000000e-030	1.000000e-030	1.000000e-030	1.000000e-030	1.000000e-030	1.000000e-030	
1.000000e-030	1.000000e-030	1.000000e-030	1.000000e-030	1.000000e-030	4.545455e-001	1.000000e-030	1.000000e-030	1.000000e-030	1.000000e-030	1.000000e-030	1.000000e-030	1.000000e-030	1.000000e-030	1.000000e-030	1.000000e-030	1.000000e-030	1.000000e-030	1.000000e-030	1.000000e-030	1.000000e-030	1.000000e-030	1.000000e-030	9.090909e-002	1.000000e-030	1.000000e-030	1.000000e-030	1.000000e-030	1.000000e-030	1.000000e-030	1.000000e-030	4.545455e-001	
1.000000e-030	1.000000e-030	1.000000e-030	3.029738e-001	1.000000e-030	1.000000e-030	1.000000e-030	1.000000e-030	1.000000e-030	1.000000e-030	1.000000e-030	1.000000e-030	1.000000e-030	1.000000e-030	1.000000e-030	1.875959e-001	1.000000e-030	1.000000e-030	1.000000e-030	5.094303e-001	1.000000e-030	1.000000e-030	1.000000e-030	1.000000e-030	1.000000e-030	1.000000e-030	1.000000e-030	1.000000e-030	1.000000e-030	1.000000e-030	1.000000e-030	1.000000e-030	
1.000000e-030	1.000000e-030	1.000000e-030	6.093456e-001	1.000000e-030	2.120427e-001	1.000000e-030	1.000000e-030	1.000000e-030	1.000000e-030	1.000000e-030	1.000000e-030	1.000000e-030	1.000000e-030	1.000000e-030	3.724983e-002	1.000000e-030	1.000000e-030	1.000000e-030	1.000000e-030	1.000000e-030	1.000000e-030	1.000000e-030	1.000000e-030	1.000000e-030	1.000000e-030	1.000000e-030	1.000000e-030	1.000000e-030	1.000000e-030	1.000000e-030	1.413618e-001	
1.000000e-030	1.000000e-030	1.000000e-030	1.000000e-030	1.000000e-030	1.826087e-001	1.000000e-030	1.000000e-030	1.000000e-030	1.000000e-030	1.000000e-030	5.217391e-002	1.000000e-030	1.000000e-030	8.695652e-003	6.086957e-002	1.000000e-030	1.000000e-030	1.000000e-030	1.000000e-030	1.000000e-030	2.608696e-001	1.000000e-030	1.000000e-030	1.000000e-030	1.000000e-030	1.000000e-030	9.565217e-002	1.000000e-030	4.347826e-002	1.000000e-030	2.956522e-001	
