6.484399e-001	3.515601e-001	0.000000e+000	0.000000e+000	0.000000e+000	
0.000000e+000	8.160331e-001	1.839669e-001	0.000000e+000	0.000000e+000	
0.000000e+000	0.000000e+000	8.854905e-001	1.145095e-001	0.000000e+000	
0.000000e+000	0.000000e+000	0.000000e+000	9.564661e-001	4.353392e-002	
0.000000e+000	0.000000e+000	0.000000e+000	0.000000e+000	1.000000e+000	
1.000000e-030	1.000000e-030	1.000000e-030	1.000000e-030	1.000000e-030	2.971034e-001	1.000000e-030	1.000000e-030	1.000000e-030	1.000000e-030	1.000000e-030	1.000000e-030	1.000000e-030	1.000000e-030	1.000000e-030	1.000000e-030	1.000000e-030	1.000000e-030	1.000000e-030	1.000000e-030	1.000000e-030	7.028966e-001	1.000000e-030	1.000000e-030	1.000000e-030	1.000000e-030	1.000000e-030	1.000000e-030	1.000000e-030	1.000000e-030	1.000000e-030	7.095090e-008	
1.000000e-030	1.000000e-030	1.000000e-030	1.000000e-030	1.000000e-030	2.903760e-001	1.000000e-030	1.000000e-030	1.000000e-030	1.000000e-030	1.000000e-030	1.000000e-030	1.000000e-030	1.000000e-030	1.000000e-030	1.316080e-029	1.000000e-030	1.000000e-030	1.000000e-030	1.000000e-030	1.000000e-030	2.969280e-004	1.000000e-030	5.960231e-011	1.000000e-030	1.000000e-030	1.000000e-030	1.000000e-030	1.000000e-030	1.000000e-030	1.000000e-030	7.093271e-001	
1.000000e-030	1.000000e-030	1.000000e-030	8.018482e-004	1.000000e-030	2.950320e-001	1.000000e-030	1.000000e-030	1.000000e-030	1.000000e-030	1.000000e-030	1.000000e-030	1.000000e-030	1.000000e-030	1.000000e-030	1.145102e-001	1.000000e-030	1.000000e-030	1.000000e-030	1.000000e-030	1.000000e-030	3.434164e-001	1.000000e-030	1.152100e-001	1.000000e-030	1.000000e-030	1.000000e-030	1.000000e-030	1.000000e-030	1.000000e-030	1.000000e-030	1.310295e-001	
1.000000e-030	1.000000e-030	1.000000e-030	6.084614e-001	1.000000e-030	7.640777e-009	1.000000e-030	1.000000e-030	1.000000e-030	1.000000e-030	1.000000e-030	1.000000e-030	1.000000e-030	1.000000e-030	4.353392e-002	8.706755e-002	1.000000e-030	1.000000e-030	1.000000e-030	1.306017e-001	1.000000e-030	9.018527e-010	1.000000e-030	1.303354e-001	1.000000e-030	1.000000e-030	1.000000e-030	1.000000e-030	1.000000e-030	1.000000e-030	1.000000e-030	1.000000e-030	
1.000000e-030	1.000000e-030	1.000000e-030	9.322256e-003	1.000000e-030	2.843612e-001	1.000000e-030	1.000000e-030	1.000000e-030	1.000000e-030	1.000000e-030	1.834588e-002	1.000000e-030	1.000000e-030	1.000000e-030	4.586471e-002	1.000000e-030	1.000000e-030	1.000000e-030	1.000000e-030	1.834588e-002	2.384965e-001	1.000000e-030	3.669177e-002	1.000000e-030	1.000000e-030	1.000000e-030	1.100753e-001	1.000000e-030	5.503765e-002	1.000000e-030	1.834588e-001	
