8.908268e-001	1.091732e-001	0.000000e+000	0.000000e+000	0.000000e+000	
0.000000e+000	8.945432e-001	1.054568e-001	0.000000e+000	0.000000e+000	
0.000000e+000	0.000000e+000	7.986581e-001	2.013419e-001	0.000000e+000	
0.000000e+000	0.000000e+000	0.000000e+000	9.606160e-001	3.938401e-002	
0.000000e+000	0.000000e+000	0.000000e+000	0.000000e+000	1.000000e+000	
1.000000e-030	1.000000e-030	1.000000e-030	1.000000e-030	1.000000e-030	4.898061e-001	1.000000e-030	1.000000e-030	1.000000e-030	1.000000e-030	1.000000e-030	1.000000e-030	1.000000e-030	1.000000e-030	1.000000e-030	1.000000e-030	1.000000e-030	1.000000e-030	1.000000e-030	1.000000e-030	1.000000e-030	2.918475e-001	1.000000e-030	2.183464e-001	1.000000e-030	1.000000e-030	1.000000e-030	1.000000e-030	1.000000e-030	1.000000e-030	1.000000e-030	1.000000e-030	
1.000000e-030	1.000000e-030	1.000000e-030	1.000000e-030	1.000000e-030	4.382580e-001	1.000000e-030	1.000000e-030	1.000000e-030	1.000000e-030	1.000000e-030	1.000000e-030	1.000000e-030	1.000000e-030	1.000000e-030	1.000000e-030	1.000000e-030	1.000000e-030	1.000000e-030	1.000000e-030	1.000000e-030	3.508283e-001	1.000000e-030	1.000000e-030	1.000000e-030	1.000000e-030	1.000000e-030	1.000000e-030	1.000000e-030	1.000000e-030	1.000000e-030	2.109137e-001	
1.000000e-030	1.000000e-030	1.000000e-030	4.026838e-001	1.000000e-030	2.733602e-001	1.000000e-030	1.000000e-030	1.000000e-030	1.000000e-030	1.000000e-030	1.000000e-030	1.000000e-030	1.000000e-030	1.000000e-030	1.000000e-030	1.000000e-030	1.000000e-030	1.000000e-030	1.000000e-030	1.000000e-030	1.000000e-030	1.000000e-030	3.239560e-001	1.000000e-030	1.000000e-030	1.000000e-030	1.000000e-030	1.000000e-030	1.000000e-030	1.000000e-030	1.000000e-030	
1.000000e-030	1.000000e-030	1.000000e-030	1.000000e-030	1.000000e-030	3.150721e-001	1.000000e-030	1.000000e-030	1.000000e-030	1.000000e-030	1.000000e-030	1.015319e-014	1.000000e-030	3.938401e-002	1.181520e-001	1.000000e-030	1.000000e-030	1.000000e-030	1.000000e-030	1.000000e-030	1.000000e-030	2.756881e-001	1.000000e-030	1.729358e-001	1.000000e-030	1.000000e-030	1.000000e-030	1.000000e-030	1.000000e-030	1.000000e-030	1.000000e-030	7.876802e-002	
1.000000e-030	1.000000e-030	1.000000e-030	1.000000e-030	1.000000e-030	1.100000e-001	1.000000e-030	1.000000e-030	1.000000e-030	1.000000e-030	1.000000e-030	4.000000e-002	1.000000e-030	1.000000e-030	1.000000e-030	4.000000e-002	1.000000e-030	1.000000e-030	1.000000e-030	3.800000e-001	1.000000e-030	1.400000e-001	1.000000e-030	5.000000e-002	1.000000e-030	1.000000e-030	1.000000e-030	1.200000e-001	1.000000e-030	6.000000e-002	1.000000e-002	5.000000e-002	
