7.750658e-001	2.249342e-001	0.000000e+000	0.000000e+000	0.000000e+000	
0.000000e+000	9.102154e-001	8.978457e-002	0.000000e+000	0.000000e+000	
0.000000e+000	0.000000e+000	7.553526e-001	2.446474e-001	0.000000e+000	
0.000000e+000	0.000000e+000	0.000000e+000	9.646657e-001	3.533431e-002	
0.000000e+000	0.000000e+000	0.000000e+000	0.000000e+000	1.000000e+000	
1.000000e-030	1.000000e-030	1.000000e-030	1.000000e-030	1.000000e-030	6.415230e-001	1.000000e-030	1.000000e-030	1.000000e-030	1.000000e-030	1.000000e-030	1.000000e-030	1.000000e-030	1.000000e-030	1.000000e-030	1.000000e-030	1.000000e-030	1.000000e-030	1.000000e-030	1.000000e-030	1.000000e-030	2.021828e-001	1.000000e-030	1.403424e-005	1.000000e-030	1.000000e-030	1.000000e-030	1.000000e-030	1.000000e-030	1.000000e-030	1.000000e-030	1.562801e-001	
1.000000e-030	1.000000e-030	1.000000e-030	1.000000e-030	1.000000e-030	2.552364e-001	1.000000e-030	1.000000e-030	1.000000e-030	1.000000e-030	1.000000e-030	1.000000e-030	1.000000e-030	1.000000e-030	1.000000e-030	1.453251e-007	1.000000e-030	1.000000e-030	1.000000e-030	1.000000e-030	1.000000e-030	2.684423e-001	1.000000e-030	2.693481e-001	1.000000e-030	1.000000e-030	1.000000e-030	1.000000e-030	1.000000e-030	1.000000e-030	1.000000e-030	2.069731e-001	
1.000000e-030	1.000000e-030	1.000000e-030	1.000000e-030	1.000000e-030	8.393564e-002	1.000000e-030	1.000000e-030	1.000000e-030	1.000000e-030	1.000000e-030	1.000000e-030	1.000000e-030	1.000000e-030	1.000000e-030	2.446470e-001	1.000000e-030	1.000000e-030	1.000000e-030	2.508420e-009	1.000000e-030	1.823539e-001	1.000000e-030	5.416191e-010	1.000000e-030	1.000000e-030	1.000000e-030	1.000000e-030	1.000000e-030	1.000000e-030	1.000000e-030	4.890635e-001	
1.000000e-030	1.000000e-030	1.000000e-030	3.898050e-001	1.000000e-030	2.509935e-001	1.000000e-030	1.000000e-030	1.000000e-030	1.000000e-030	1.000000e-030	1.000000e-030	1.000000e-030	1.000000e-030	1.000000e-030	1.000000e-030	1.000000e-030	1.000000e-030	1.000000e-030	3.533431e-002	1.000000e-030	2.867711e-001	1.000000e-030	3.486442e-002	1.000000e-030	1.000000e-030	1.000000e-030	1.000000e-030	1.000000e-030	1.000000e-030	1.000000e-030	2.231760e-003	
1.000000e-030	1.000000e-030	1.000000e-030	1.948066e-002	1.000000e-030	3.252440e-001	1.000000e-030	1.000000e-030	1.000000e-030	1.000000e-030	1.000000e-030	4.949130e-002	1.000000e-030	1.000000e-030	1.000000e-030	1.979652e-002	1.000000e-030	1.000000e-030	1.000000e-030	1.000000e-030	1.000000e-030	3.093205e-001	1.000000e-030	2.982641e-002	1.000000e-030	1.000000e-030	1.000000e-030	1.286774e-001	1.000000e-030	3.959304e-002	1.000000e-030	7.857023e-002	
