8.322284e-001	1.677716e-001	0.000000e+000	0.000000e+000	0.000000e+000	
0.000000e+000	9.038150e-001	9.618497e-002	0.000000e+000	0.000000e+000	
0.000000e+000	0.000000e+000	4.872472e-001	5.127528e-001	0.000000e+000	
0.000000e+000	0.000000e+000	0.000000e+000	9.490518e-001	5.094825e-002	
0.000000e+000	0.000000e+000	0.000000e+000	0.000000e+000	1.000000e+000	
1.000000e-030	1.000000e-030	1.000000e-030	1.000000e-030	1.000000e-030	2.123459e-001	1.000000e-030	1.000000e-030	1.000000e-030	1.000000e-030	1.000000e-030	1.000000e-030	1.000000e-030	1.000000e-030	1.000000e-030	1.000000e-030	1.000000e-030	1.000000e-030	1.000000e-030	1.677716e-001	1.000000e-030	1.677716e-001	1.000000e-030	4.521109e-001	1.000000e-030	1.000000e-030	1.000000e-030	1.000000e-030	1.000000e-030	1.000000e-030	1.000000e-030	1.000000e-030	
1.000000e-030	1.000000e-030	1.000000e-030	1.000000e-030	1.000000e-030	7.424246e-001	1.000000e-030	1.000000e-030	1.000000e-030	1.000000e-030	1.000000e-030	1.000000e-030	1.000000e-030	1.000000e-030	1.000000e-030	1.000000e-030	1.000000e-030	1.000000e-030	1.000000e-030	1.000000e-030	1.000000e-030	1.000000e-030	1.000000e-030	2.575754e-001	1.000000e-030	1.000000e-030	1.000000e-030	1.000000e-030	1.000000e-030	1.000000e-030	1.000000e-030	1.000000e-030	
1.000000e-030	1.000000e-030	1.000000e-030	1.000000e-030	1.000000e-030	4.615840e-018	1.000000e-030	1.000000e-030	1.000000e-030	1.000000e-030	1.000000e-030	1.000000e-030	1.000000e-030	1.000000e-030	1.000000e-030	1.000000e-030	1.000000e-030	1.000000e-030	1.000000e-030	1.000000e-030	1.000000e-030	1.000000e-030	1.000000e-030	1.000000e+000	1.000000e-030	1.000000e-030	1.000000e-030	1.000000e-030	1.000000e-030	1.000000e-030	1.000000e-030	1.000000e-030	
1.000000e-030	1.000000e-030	1.000000e-030	1.000000e-030	1.000000e-030	1.181594e-001	1.000000e-030	1.000000e-030	1.000000e-030	1.000000e-030	1.000000e-030	1.000000e-030	1.000000e-030	1.018965e-001	1.000000e-030	5.094825e-002	1.000000e-030	2.154616e-001	1.000000e-030	1.000000e-030	1.000000e-030	7.902843e-002	1.000000e-030	3.835585e-001	1.000000e-030	1.000000e-030	1.000000e-030	1.000000e-030	1.000000e-030	1.000000e-030	1.000000e-030	5.094729e-002	
1.000000e-030	1.000000e-030	1.000000e-030	9.003748e-002	1.000000e-030	3.844276e-001	1.000000e-030	1.000000e-030	1.000000e-030	1.000000e-030	1.000000e-030	4.501874e-002	1.000000e-030	1.000000e-030	1.000000e-030	1.000000e-030	1.000000e-030	7.897161e-002	1.000000e-030	9.003748e-003	9.904123e-002	1.661088e-001	1.000000e-030	5.536071e-002	1.000000e-030	1.000000e-030	1.000000e-030	9.003748e-003	1.000000e-030	5.402249e-002	1.000000e-030	9.003917e-003	
