8.652352e-001	1.347648e-001	0.000000e+000	0.000000e+000	0.000000e+000	
0.000000e+000	8.635732e-001	1.364268e-001	0.000000e+000	0.000000e+000	
0.000000e+000	0.000000e+000	8.510036e-001	1.489964e-001	0.000000e+000	
0.000000e+000	0.000000e+000	0.000000e+000	9.441373e-001	5.586269e-002	
0.000000e+000	0.000000e+000	0.000000e+000	0.000000e+000	1.000000e+000	
1.000000e-030	1.000000e-030	1.000000e-030	1.000000e-030	1.000000e-030	3.884205e-001	1.000000e-030	1.000000e-030	1.000000e-030	1.000000e-030	1.000000e-030	1.000000e-030	1.000000e-030	1.000000e-030	1.000000e-030	1.000000e-030	1.000000e-030	5.739048e-008	1.000000e-030	1.000000e-030	1.000000e-030	4.035672e-001	1.000000e-030	5.253450e-017	1.000000e-030	1.000000e-030	1.000000e-030	1.000000e-030	1.000000e-030	1.000000e-030	1.000000e-030	2.080122e-001	
1.000000e-030	1.000000e-030	1.000000e-030	1.879632e-015	1.000000e-030	1.809146e-001	1.000000e-030	1.000000e-030	1.000000e-030	1.000000e-030	1.000000e-030	1.000000e-030	1.000000e-030	1.000000e-030	1.000000e-030	1.000000e-030	1.000000e-030	3.449659e-003	1.000000e-030	1.000000e-030	1.000000e-030	6.490236e-001	1.000000e-030	1.635097e-008	1.000000e-030	1.000000e-030	1.000000e-030	1.000000e-030	1.000000e-030	1.000000e-030	1.000000e-030	1.666121e-001	
1.000000e-030	1.000000e-030	1.000000e-030	4.010105e-007	1.000000e-030	2.185277e-001	1.000000e-030	1.000000e-030	1.000000e-030	1.000000e-030	1.000000e-030	1.000000e-030	1.000000e-030	1.000000e-030	1.000000e-030	4.625079e-021	1.000000e-030	1.448045e-001	1.000000e-030	1.000000e-030	1.000000e-030	6.000928e-001	1.000000e-030	1.254474e-003	1.000000e-030	1.000000e-030	1.000000e-030	1.000000e-030	1.000000e-030	1.000000e-030	1.000000e-030	3.532007e-002	
1.000000e-030	1.000000e-030	1.000000e-030	1.668587e-001	1.000000e-030	4.754805e-001	1.000000e-030	1.000000e-030	1.000000e-030	1.000000e-030	1.000000e-030	1.888377e-008	1.000000e-030	1.000000e-030	1.000000e-030	1.977960e-002	1.000000e-030	1.590840e-004	1.000000e-030	1.000000e-030	1.000000e-030	1.555537e-001	1.000000e-030	5.539234e-002	1.000000e-030	1.000000e-030	1.000000e-030	1.000000e-030	1.000000e-030	1.000000e-030	1.000000e-030	1.267761e-001	
1.000000e-030	1.000000e-030	1.000000e-030	1.190607e-004	1.000000e-030	1.533554e-001	1.000000e-030	1.000000e-030	1.000000e-030	1.000000e-030	1.000000e-030	5.472599e-002	1.000000e-030	1.000000e-030	1.000000e-030	6.061747e-002	1.000000e-030	3.093634e-022	1.000000e-030	1.000000e-030	6.384699e-002	3.049693e-001	1.000000e-030	3.648400e-002	1.000000e-030	1.000000e-030	1.000000e-030	5.472599e-002	1.000000e-030	5.472599e-002	1.000000e-030	2.164299e-001	
