8.825664e-001	1.174336e-001	0.000000e+000	0.000000e+000	0.000000e+000	
0.000000e+000	8.344482e-001	1.655518e-001	0.000000e+000	0.000000e+000	
0.000000e+000	0.000000e+000	8.669657e-001	1.330343e-001	0.000000e+000	
0.000000e+000	0.000000e+000	0.000000e+000	9.484256e-001	5.157441e-002	
0.000000e+000	0.000000e+000	0.000000e+000	0.000000e+000	1.000000e+000	
1.000000e-030	1.000000e-030	1.000000e-030	1.000000e-030	1.000000e-030	5.692278e-001	1.000000e-030	1.000000e-030	1.000000e-030	1.000000e-030	1.000000e-030	1.000000e-030	1.000000e-030	1.000000e-030	1.000000e-030	1.000000e-030	1.000000e-030	1.169620e-001	1.000000e-030	1.000000e-030	1.000000e-030	1.979409e-001	1.000000e-030	1.158686e-001	1.000000e-030	1.000000e-030	1.000000e-030	1.000000e-030	1.000000e-030	1.000000e-030	1.000000e-030	7.071038e-007	
1.000000e-030	1.000000e-030	1.000000e-030	1.000000e-030	1.000000e-030	4.221706e-001	1.000000e-030	1.000000e-030	1.000000e-030	1.000000e-030	1.000000e-030	1.000000e-030	1.000000e-030	1.000000e-030	1.000000e-030	1.000000e-030	1.000000e-030	1.662165e-001	1.000000e-030	1.000000e-030	1.000000e-030	5.205671e-002	1.000000e-030	3.219602e-003	1.000000e-030	1.000000e-030	1.000000e-030	1.000000e-030	1.000000e-030	1.000000e-030	1.000000e-030	3.563366e-001	
1.000000e-030	1.000000e-030	1.000000e-030	1.831263e-023	1.000000e-030	6.219890e-001	1.000000e-030	1.000000e-030	1.000000e-030	1.000000e-030	1.000000e-030	1.000000e-030	1.000000e-030	1.000000e-030	1.000000e-030	1.000000e-030	1.000000e-030	1.446005e-017	1.000000e-030	1.000000e-030	1.000000e-030	1.000000e-030	1.000000e-030	2.652543e-001	1.000000e-030	1.000000e-030	1.000000e-030	1.000000e-030	1.000000e-030	1.000000e-030	1.000000e-030	1.127567e-001	
1.000000e-030	1.000000e-030	1.000000e-030	3.602634e-001	1.000000e-030	3.477541e-001	1.000000e-030	1.000000e-030	1.000000e-030	1.000000e-030	1.000000e-030	1.000000e-030	1.000000e-030	1.000000e-030	1.000000e-030	1.000000e-030	1.000000e-030	8.917092e-002	1.000000e-030	1.000000e-030	1.000000e-030	1.945956e-001	1.000000e-030	1.000000e-030	1.000000e-030	1.000000e-030	1.000000e-030	1.000000e-030	1.000000e-030	1.000000e-030	1.000000e-030	8.215876e-003	
1.000000e-030	9.299054e-003	1.000000e-030	1.873467e-002	1.000000e-030	3.643789e-001	1.000000e-030	1.000000e-030	1.000000e-030	1.000000e-030	1.000000e-030	5.579432e-002	1.000000e-030	1.000000e-030	9.299054e-003	1.000000e-030	1.000000e-030	1.513051e-001	1.000000e-030	1.000000e-030	1.859811e-002	1.787919e-001	1.000000e-030	4.649527e-002	1.000000e-030	1.000000e-030	1.000000e-030	8.369149e-002	1.000000e-030	4.649527e-002	1.000000e-030	1.711676e-002	
