9.090909e-001	9.090909e-002	0.000000e+000	0.000000e+000	0.000000e+000	
0.000000e+000	4.790708e-001	5.209292e-001	0.000000e+000	0.000000e+000	
0.000000e+000	0.000000e+000	9.596247e-001	4.037534e-002	0.000000e+000	
0.000000e+000	0.000000e+000	0.000000e+000	8.777835e-001	1.222165e-001	
0.000000e+000	0.000000e+000	0.000000e+000	0.000000e+000	1.000000e+000	
1.000000e-030	1.000000e-030	1.000000e-030	1.000000e-030	1.000000e-030	6.363636e-001	1.000000e-030	1.000000e-030	1.000000e-030	1.000000e-030	1.000000e-030	1.000000e-030	1.000000e-030	1.000000e-030	1.000000e-030	1.000000e-030	1.000000e-030	1.000000e-030	1.000000e-030	1.000000e-030	1.000000e-030	3.636364e-001	1.000000e-030	1.000000e-030	1.000000e-030	1.000000e-030	1.000000e-030	1.000000e-030	1.000000e-030	1.000000e-030	1.000000e-030	1.000000e-030	
1.000000e-030	1.000000e-030	1.000000e-030	1.000000e-030	1.000000e-030	1.385960e-014	1.000000e-030	1.000000e-030	1.000000e-030	1.000000e-030	1.000000e-030	1.000000e-030	1.000000e-030	1.000000e-030	1.000000e-030	1.000000e-030	1.000000e-030	1.000000e-030	1.000000e-030	1.000000e-030	1.000000e-030	1.000000e-030	1.000000e-030	1.000000e-030	1.000000e-030	1.000000e-030	1.000000e-030	1.000000e-030	1.000000e-030	1.000000e-030	1.000000e-030	1.000000e+000	
1.000000e-030	1.000000e-030	1.000000e-030	1.000000e-030	1.000000e-030	5.526270e-001	1.000000e-030	1.000000e-030	1.000000e-030	1.000000e-030	1.000000e-030	1.000000e-030	1.000000e-030	1.000000e-030	1.000000e-030	4.037534e-002	1.000000e-030	1.000000e-030	1.000000e-030	1.000000e-030	1.000000e-030	3.633781e-001	1.000000e-030	1.000000e-030	1.000000e-030	1.000000e-030	1.000000e-030	1.000000e-030	1.000000e-030	1.000000e-030	1.000000e-030	4.361964e-002	
1.000000e-030	1.000000e-030	1.000000e-030	4.807591e-001	1.000000e-030	2.749477e-001	1.000000e-030	1.000000e-030	1.000000e-030	1.000000e-030	1.000000e-030	1.000000e-030	1.000000e-030	1.000000e-030	1.000000e-030	1.000000e-030	1.000000e-030	1.000000e-030	1.000000e-030	1.000000e-030	1.000000e-030	1.000000e-030	1.000000e-030	1.000000e-030	1.000000e-030	1.000000e-030	1.000000e-030	1.000000e-030	1.000000e-030	1.000000e-030	1.000000e-030	2.442932e-001	
1.000000e-030	1.000000e-030	1.000000e-030	1.033963e-002	1.000000e-030	2.236300e-001	1.000000e-030	1.000000e-030	1.000000e-030	1.000000e-030	1.000000e-030	4.848224e-002	1.000000e-030	1.000000e-030	1.000000e-030	1.939289e-002	1.000000e-030	9.696447e-003	1.000000e-030	1.939289e-002	9.696447e-003	2.908934e-001	1.000000e-030	2.908934e-002	1.000000e-030	1.000000e-030	1.000000e-030	9.696447e-002	1.000000e-030	5.817868e-002	1.000000e-030	1.842436e-001	
