5.000000e-001	5.000000e-001	0.000000e+000	0.000000e+000	0.000000e+000	
0.000000e+000	8.709963e-001	1.290037e-001	0.000000e+000	0.000000e+000	
0.000000e+000	0.000000e+000	8.658892e-001	1.341108e-001	0.000000e+000	
0.000000e+000	0.000000e+000	0.000000e+000	9.568215e-001	4.317846e-002	
0.000000e+000	0.000000e+000	0.000000e+000	0.000000e+000	1.000000e+000	
1.000000e-030	1.000000e-030	1.000000e-030	1.000000e-030	1.000000e-030	1.000000e-030	1.000000e-030	1.000000e-030	1.000000e-030	1.000000e-030	1.000000e-030	1.000000e-030	1.000000e-030	1.000000e-030	1.000000e-030	1.000000e-030	1.000000e-030	1.000000e-030	1.000000e-030	1.000000e-030	1.000000e-030	5.000000e-001	1.000000e-030	5.000000e-001	1.000000e-030	1.000000e-030	1.000000e-030	1.000000e-030	1.000000e-030	1.000000e-030	1.000000e-030	1.273568e-024	
1.000000e-030	1.000000e-030	1.000000e-030	1.000000e-030	1.000000e-030	2.193353e-001	1.000000e-030	1.000000e-030	1.000000e-030	1.000000e-030	1.000000e-030	1.000000e-030	1.000000e-030	1.000000e-030	1.000000e-030	1.000000e-030	1.000000e-030	1.000000e-030	1.000000e-030	1.000000e-030	1.000000e-030	1.364893e-001	1.000000e-030	3.238636e-027	1.000000e-030	1.000000e-030	1.000000e-030	1.000000e-030	1.000000e-030	1.000000e-030	1.000000e-030	6.441753e-001	
1.000000e-030	1.000000e-030	1.000000e-030	1.000000e-030	1.000000e-030	3.931521e-001	1.000000e-030	1.000000e-030	1.000000e-030	1.000000e-030	1.000000e-030	1.000000e-030	1.000000e-030	1.000000e-030	1.000000e-030	1.000000e-030	1.000000e-030	1.000000e-030	1.000000e-030	1.000000e-030	1.000000e-030	6.068479e-001	1.000000e-030	1.000000e-030	1.000000e-030	1.000000e-030	1.000000e-030	1.000000e-030	1.000000e-030	1.000000e-030	1.000000e-030	2.951825e-016	
1.000000e-030	1.000000e-030	1.000000e-030	8.635691e-002	1.000000e-030	4.247295e-001	1.000000e-030	1.000000e-030	1.000000e-030	1.000000e-030	1.000000e-030	1.000000e-030	1.000000e-030	1.000000e-030	1.000000e-030	1.000000e-030	1.000000e-030	1.000000e-030	1.000000e-030	4.317846e-002	1.000000e-030	2.151579e-001	1.000000e-030	1.000000e-030	1.000000e-030	1.000000e-030	1.000000e-030	1.000000e-030	1.000000e-030	1.000000e-030	1.000000e-030	2.305773e-001	
1.000000e-030	1.000000e-030	1.000000e-030	1.000000e-030	1.000000e-030	2.718499e-001	1.000000e-030	1.000000e-030	1.000000e-030	1.000000e-030	1.000000e-030	5.523231e-002	1.000000e-030	9.205385e-003	1.000000e-030	6.443770e-002	1.000000e-030	1.000000e-030	1.000000e-030	1.000000e-030	1.000000e-030	3.169783e-001	1.000000e-030	9.205385e-003	1.000000e-030	1.000000e-030	1.000000e-030	1.288754e-001	1.000000e-030	3.682154e-002	1.000000e-030	1.073940e-001	
