7.728761e-001	2.271239e-001	0.000000e+000	0.000000e+000	0.000000e+000	
0.000000e+000	9.130908e-001	8.690921e-002	0.000000e+000	0.000000e+000	
0.000000e+000	0.000000e+000	9.149705e-001	8.502952e-002	0.000000e+000	
0.000000e+000	0.000000e+000	0.000000e+000	9.336597e-001	6.634030e-002	
0.000000e+000	0.000000e+000	0.000000e+000	0.000000e+000	1.000000e+000	
1.000000e-030	1.000000e-030	1.000000e-030	1.763925e-024	1.000000e-030	1.247542e-001	1.000000e-030	1.000000e-030	1.000000e-030	1.000000e-030	1.000000e-030	1.000000e-030	1.000000e-030	1.000000e-030	1.000000e-030	1.000000e-030	1.000000e-030	1.000000e-030	1.000000e-030	1.000000e-030	1.000000e-030	7.608656e-001	1.000000e-030	1.000000e-030	1.000000e-030	1.000000e-030	1.000000e-030	1.000000e-030	1.000000e-030	1.000000e-030	1.000000e-030	1.143803e-001	
1.000000e-030	1.000000e-030	1.000000e-030	5.760547e-007	1.000000e-030	3.603547e-001	1.000000e-030	1.000000e-030	1.000000e-030	1.000000e-030	1.000000e-030	1.000000e-030	1.000000e-030	1.000000e-030	1.000000e-030	1.000000e-030	1.000000e-030	1.000000e-030	1.000000e-030	1.000000e-030	1.000000e-030	4.959889e-001	1.000000e-030	1.000000e-030	1.000000e-030	1.000000e-030	1.000000e-030	1.000000e-030	1.000000e-030	1.000000e-030	1.000000e-030	1.436558e-001	
1.000000e-030	1.000000e-030	1.000000e-030	1.732504e-001	1.000000e-030	1.939521e-001	1.000000e-030	1.000000e-030	1.000000e-030	1.000000e-030	1.000000e-030	1.000000e-030	1.000000e-030	1.000000e-030	1.000000e-030	1.055376e-013	1.000000e-030	1.000000e-030	1.000000e-030	1.000000e-030	1.000000e-030	3.700229e-001	1.000000e-030	1.000000e-030	1.000000e-030	1.000000e-030	1.000000e-030	1.000000e-030	1.000000e-030	1.000000e-030	1.000000e-030	2.627746e-001	
1.000000e-030	1.000000e-030	1.000000e-030	6.350900e-002	1.000000e-030	1.824867e-001	1.000000e-030	1.000000e-030	1.000000e-030	1.000000e-030	1.000000e-030	7.741492e-016	1.000000e-030	1.000000e-030	1.000000e-030	2.288341e-002	1.000000e-030	1.000000e-030	1.000000e-030	1.000000e-030	1.000000e-030	3.975682e-001	1.000000e-030	1.000000e-030	1.000000e-030	1.000000e-030	1.000000e-030	1.000000e-030	1.000000e-030	1.000000e-030	1.000000e-030	3.335527e-001	
1.000000e-030	1.000000e-030	1.000000e-030	9.459563e-003	1.000000e-030	2.378456e-001	1.000000e-030	1.000000e-030	1.000000e-030	1.000000e-030	1.000000e-030	6.587836e-002	1.000000e-030	1.000000e-030	1.000000e-030	3.439848e-002	1.000000e-030	1.000000e-030	1.000000e-030	1.000000e-030	6.587836e-002	2.973792e-001	1.000000e-030	1.882239e-002	1.000000e-030	1.000000e-030	1.000000e-030	3.764478e-002	9.411194e-003	2.823358e-002	1.000000e-030	1.950485e-001	
