8.000000e-001	2.000000e-001	0.000000e+000	0.000000e+000	0.000000e+000	
0.000000e+000	0.000000e+000	1.000000e+000	0.000000e+000	0.000000e+000	
0.000000e+000	0.000000e+000	8.369466e-001	1.630534e-001	0.000000e+000	
0.000000e+000	0.000000e+000	0.000000e+000	9.787007e-001	2.129928e-002	
0.000000e+000	0.000000e+000	0.000000e+000	0.000000e+000	1.000000e+000	
1.000000e-030	1.000000e-030	1.000000e-030	1.000000e-030	1.000000e-030	1.000000e-030	1.000000e-030	1.000000e-030	1.000000e-030	1.000000e-030	1.000000e-030	1.000000e-030	1.000000e-030	1.000000e-030	1.000000e-030	1.000000e-030	1.000000e-030	1.000000e-030	1.000000e-030	1.000000e+000	1.000000e-030	1.000000e-030	1.000000e-030	1.000000e-030	1.000000e-030	1.000000e-030	1.000000e-030	1.000000e-030	1.000000e-030	1.000000e-030	1.000000e-030	1.000000e-030	
1.000000e-030	1.000000e-030	1.000000e-030	1.000000e-030	1.000000e-030	1.000000e-030	1.000000e-030	1.000000e+000	1.000000e-030	1.000000e-030	1.000000e-030	1.000000e-030	1.000000e-030	1.000000e-030	1.000000e-030	1.000000e-030	1.000000e-030	1.000000e-030	1.000000e-030	1.000000e-030	1.000000e-030	1.000000e-030	1.000000e-030	1.000000e-030	1.000000e-030	1.000000e-030	1.000000e-030	1.000000e-030	1.000000e-030	1.000000e-030	1.000000e-030	1.000000e-030	
1.000000e-030	1.000000e-030	1.000000e-030	1.000000e-030	1.000000e-030	6.141171e-001	1.000000e-030	1.000000e-030	1.000000e-030	1.000000e-030	1.000000e-030	1.000000e-030	1.000000e-030	1.000000e-030	1.000000e-030	1.000000e-030	1.000000e-030	1.000000e-030	1.000000e-030	1.630534e-001	1.000000e-030	7.452229e-016	1.000000e-030	2.228295e-001	1.000000e-030	1.000000e-030	1.000000e-030	1.000000e-030	1.000000e-030	1.000000e-030	1.000000e-030	1.000000e-030	
1.000000e-030	1.000000e-030	1.000000e-030	1.000000e-030	1.000000e-030	5.868757e-001	1.000000e-030	1.000000e-030	1.000000e-030	1.000000e-030	1.000000e-030	1.000000e-030	1.000000e-030	1.000000e-030	1.000000e-030	1.000000e-030	1.000000e-030	1.653414e-001	1.000000e-030	1.000000e-030	1.000000e-030	1.064964e-001	1.000000e-030	9.868800e-002	1.000000e-030	1.000000e-030	1.000000e-030	1.000000e-030	1.000000e-030	1.000000e-030	1.000000e-030	4.259856e-002	
1.000000e-030	1.000000e-030	1.000000e-030	4.448542e-002	1.112135e-002	3.412017e-001	1.000000e-030	1.112135e-002	1.000000e-030	1.000000e-030	1.000000e-030	6.672813e-002	1.000000e-030	1.112135e-002	1.000000e-030	1.000000e-030	1.000000e-030	6.936648e-002	1.000000e-030	1.000000e-030	1.000000e-030	1.223349e-001	1.000000e-030	1.112135e-001	1.000000e-030	1.000000e-030	1.112135e-002	1.556990e-001	1.000000e-030	4.448542e-002	1.000000e-030	1.000000e-030	
