6.627327e-001	3.372673e-001	0.000000e+000	0.000000e+000	0.000000e+000	
0.000000e+000	7.364285e-001	2.635715e-001	0.000000e+000	0.000000e+000	
0.000000e+000	0.000000e+000	8.269704e-001	1.730296e-001	0.000000e+000	
0.000000e+000	0.000000e+000	0.000000e+000	9.666524e-001	3.334761e-002	
0.000000e+000	0.000000e+000	0.000000e+000	0.000000e+000	1.000000e+000	
1.000000e-030	1.000000e-030	1.000000e-030	1.000000e-030	1.000000e-030	1.000000e-030	1.000000e-030	1.000000e-030	1.000000e-030	1.000000e-030	1.000000e-030	1.000000e-030	1.000000e-030	1.000000e-030	1.000000e-030	6.745346e-001	1.000000e-030	1.000000e-030	1.000000e-030	1.000000e-030	1.000000e-030	1.000000e-030	1.000000e-030	3.254617e-001	1.000000e-030	1.000000e-030	1.000000e-030	1.000000e-030	1.000000e-030	1.000000e-030	1.000000e-030	3.757500e-006	
1.000000e-030	1.000000e-030	1.000000e-030	1.000000e-030	1.000000e-030	4.055044e-001	1.000000e-030	1.000000e-030	1.000000e-030	1.000000e-030	1.000000e-030	1.000000e-030	1.000000e-030	1.000000e-030	1.000000e-030	6.025359e-012	1.000000e-030	1.000000e-030	1.000000e-030	1.000000e-030	1.000000e-030	6.595508e-002	1.000000e-030	9.225984e-003	1.000000e-030	1.000000e-030	1.000000e-030	1.000000e-030	1.000000e-030	1.000000e-030	1.000000e-030	5.193145e-001	
1.000000e-030	1.000000e-030	1.000000e-030	1.000000e-030	1.000000e-030	2.026491e-001	1.000000e-030	1.000000e-030	1.000000e-030	1.000000e-030	1.000000e-030	1.000000e-030	1.000000e-030	1.000000e-030	1.000000e-030	3.342524e-001	1.000000e-030	1.000000e-030	1.000000e-030	1.000000e-030	1.000000e-030	2.033044e-001	1.000000e-030	1.000000e-030	1.000000e-030	1.000000e-030	1.000000e-030	1.000000e-030	1.000000e-030	1.000000e-030	1.000000e-030	2.597941e-001	
1.000000e-030	1.000000e-030	1.000000e-030	1.000000e-030	1.000000e-030	1.277760e-001	1.000000e-030	5.520938e-009	1.000000e-030	1.000000e-030	1.000000e-030	1.000000e-030	1.000000e-030	1.000000e-030	1.000000e-030	3.551944e-002	1.000000e-030	1.000000e-030	1.000000e-030	1.000000e-030	1.000000e-030	1.930821e-001	1.000000e-030	1.000000e-030	1.000000e-030	1.000000e-030	1.000000e-030	1.000000e-030	1.000000e-030	1.000000e-030	1.000000e-030	6.436225e-001	
1.000000e-030	1.000000e-030	1.000000e-030	1.000000e-030	1.000000e-030	1.733626e-001	1.000000e-030	9.391923e-003	1.000000e-030	1.000000e-030	1.000000e-030	4.695962e-002	1.000000e-030	1.000000e-030	1.000000e-030	1.409081e-001	1.000000e-030	1.000000e-030	1.000000e-030	1.000000e-030	4.695962e-002	1.388578e-001	1.000000e-030	9.391925e-003	1.000000e-030	1.000000e-030	1.000000e-030	2.817577e-002	1.000000e-030	3.756770e-002	1.000000e-030	3.684250e-001	
