0.000000e+000	1.000000e+000	0.000000e+000	0.000000e+000	0.000000e+000	
0.000000e+000	8.954532e-001	1.045468e-001	0.000000e+000	0.000000e+000	
0.000000e+000	0.000000e+000	8.481414e-001	1.518586e-001	0.000000e+000	
0.000000e+000	0.000000e+000	0.000000e+000	9.156106e-001	8.438939e-002	
0.000000e+000	0.000000e+000	0.000000e+000	0.000000e+000	1.000000e+000	
1.000000e-030	1.000000e-030	1.000000e-030	1.000000e-030	1.000000e-030	1.000000e-030	1.000000e-030	1.000000e-030	1.000000e-030	1.000000e-030	1.000000e-030	1.000000e-030	1.000000e-030	1.000000e-030	1.000000e-030	1.000000e-030	1.000000e-030	1.000000e-030	1.000000e-030	1.000000e-030	1.000000e-030	1.000000e-030	1.000000e-030	1.000000e-030	1.000000e-030	1.000000e-030	1.000000e-030	1.000000e-030	1.000000e-030	1.000000e-030	1.000000e-030	1.000000e+000	
1.000000e-030	1.000000e-030	1.000000e-030	1.000000e-030	1.000000e-030	7.318276e-001	1.000000e-030	1.000000e-030	1.000000e-030	1.000000e-030	1.000000e-030	1.000000e-030	1.000000e-030	1.000000e-030	1.000000e-030	2.248895e-027	1.000000e-030	1.000000e-030	1.000000e-030	1.000000e-030	1.000000e-030	2.681724e-001	1.000000e-030	1.000000e-030	1.000000e-030	1.000000e-030	1.000000e-030	1.000000e-030	1.000000e-030	1.000000e-030	1.000000e-030	1.000000e-030	
1.000000e-030	1.000000e-030	1.000000e-030	1.746630e-001	1.000000e-030	7.574996e-017	1.000000e-030	1.000000e-030	1.000000e-030	1.000000e-030	1.000000e-030	1.000000e-030	1.000000e-030	1.000000e-030	1.000000e-030	3.037171e-001	1.000000e-030	1.000000e-030	1.000000e-030	1.000000e-030	1.000000e-030	2.179027e-001	1.000000e-030	1.000000e-030	1.000000e-030	1.000000e-030	1.000000e-030	1.000000e-030	1.000000e-030	1.000000e-030	1.000000e-030	3.037171e-001	
1.000000e-030	1.000000e-030	1.000000e-030	9.156106e-001	1.000000e-030	8.438939e-002	1.000000e-030	1.000000e-030	1.000000e-030	1.000000e-030	1.000000e-030	1.000000e-030	1.000000e-030	1.000000e-030	1.000000e-030	1.000000e-030	1.000000e-030	1.000000e-030	1.000000e-030	1.000000e-030	1.000000e-030	8.821891e-022	1.000000e-030	1.000000e-030	1.000000e-030	1.000000e-030	1.000000e-030	1.000000e-030	1.000000e-030	1.000000e-030	1.000000e-030	1.575198e-024	
1.000000e-030	1.000000e-030	1.000000e-030	1.000000e-030	1.000000e-030	3.166667e-001	1.000000e-030	1.000000e-030	1.000000e-030	1.000000e-030	1.000000e-030	3.333333e-002	1.000000e-030	1.000000e-030	1.000000e-030	2.500000e-002	1.000000e-030	1.000000e-030	1.000000e-030	8.333333e-003	1.000000e-030	3.333333e-001	1.000000e-030	3.333333e-002	1.000000e-030	1.000000e-030	1.000000e-030	1.250000e-001	1.000000e-030	2.500000e-002	1.000000e-030	1.000000e-001	
