9.047746e-001	9.522536e-002	0.000000e+000	0.000000e+000	0.000000e+000	
0.000000e+000	9.081189e-001	9.188109e-002	0.000000e+000	0.000000e+000	
0.000000e+000	0.000000e+000	9.207007e-001	7.929927e-002	0.000000e+000	
0.000000e+000	0.000000e+000	0.000000e+000	8.752446e-001	1.247554e-001	
0.000000e+000	0.000000e+000	0.000000e+000	0.000000e+000	1.000000e+000	
1.000000e-030	1.000000e-030	1.000000e-030	1.000000e-030	1.000000e-030	1.000000e-030	1.000000e-030	1.000000e-030	1.000000e-030	1.000000e-030	1.000000e-030	1.000000e-030	1.000000e-030	1.000000e-030	1.000000e-030	9.469155e-002	1.000000e-030	1.000000e-030	1.000000e-030	1.000000e-030	1.000000e-030	1.972830e-001	1.000000e-030	1.000000e-030	1.000000e-030	1.000000e-030	1.000000e-030	1.000000e-030	1.000000e-030	1.000000e-030	1.000000e-030	7.080254e-001	
1.000000e-030	1.000000e-030	1.000000e-030	1.000000e-030	1.000000e-030	4.043064e-015	1.000000e-030	1.000000e-030	1.000000e-030	1.000000e-030	1.000000e-030	1.000000e-030	1.000000e-030	1.000000e-030	1.000000e-030	5.150699e-004	1.000000e-030	1.000000e-030	1.000000e-030	1.000000e-030	1.000000e-030	3.184718e-001	1.000000e-030	1.000000e-030	1.000000e-030	1.000000e-030	1.000000e-030	1.000000e-030	1.000000e-030	1.000000e-030	1.000000e-030	6.810131e-001	
1.000000e-030	1.000000e-030	1.000000e-030	8.256351e-017	1.000000e-030	7.929927e-002	1.000000e-030	1.000000e-030	1.000000e-030	1.000000e-030	1.000000e-030	1.000000e-030	1.000000e-030	1.000000e-030	1.000000e-030	3.955485e-023	1.000000e-030	1.000000e-030	1.000000e-030	1.000000e-030	1.000000e-030	4.327872e-001	1.000000e-030	1.000000e-030	1.000000e-030	1.000000e-030	1.000000e-030	1.000000e-030	1.000000e-030	1.000000e-030	1.000000e-030	4.879135e-001	
1.000000e-030	1.000000e-030	1.000000e-030	9.980433e-001	1.000000e-030	3.458268e-012	1.000000e-030	1.000000e-030	1.000000e-030	1.000000e-030	1.000000e-030	1.000000e-030	1.000000e-030	1.000000e-030	1.000000e-030	1.000000e-030	1.000000e-030	1.000000e-030	1.000000e-030	1.000000e-030	1.000000e-030	5.669328e-004	1.000000e-030	1.000000e-030	1.000000e-030	1.000000e-030	1.000000e-030	1.000000e-030	1.000000e-030	1.000000e-030	1.000000e-030	1.389790e-003	
1.000000e-030	1.000000e-030	1.000000e-030	4.038472e-023	1.000000e-030	5.608062e-002	3.738708e-002	1.000000e-030	1.000000e-030	1.000000e-030	1.000000e-030	1.000000e-030	1.000000e-030	3.738708e-002	1.000000e-030	6.542740e-002	3.738708e-002	1.000000e-030	1.000000e-030	1.000000e-030	1.000000e-030	2.897493e-001	1.588951e-001	9.346771e-003	1.000000e-030	9.346771e-003	1.000000e-030	1.000000e-030	1.000000e-030	1.869354e-002	1.000000e-030	2.802993e-001	
