9.155314e-001	8.446860e-002	0.000000e+000	0.000000e+000	0.000000e+000	
0.000000e+000	9.213439e-001	7.865608e-002	0.000000e+000	0.000000e+000	
0.000000e+000	0.000000e+000	9.181728e-001	8.182719e-002	0.000000e+000	
0.000000e+000	0.000000e+000	0.000000e+000	9.056627e-001	9.433735e-002	
0.000000e+000	0.000000e+000	0.000000e+000	0.000000e+000	1.000000e+000	
1.000000e-030	1.000000e-030	1.000000e-030	1.000000e-030	1.000000e-030	1.000000e-030	1.000000e-030	1.000000e-030	1.000000e-030	1.000000e-030	1.000000e-030	1.000000e-030	1.000000e-030	1.000000e-030	1.000000e-030	4.995437e-001	1.000000e-030	1.000000e-030	1.000000e-030	1.000000e-030	1.000000e-030	1.000000e-030	1.000000e-030	1.000000e-030	1.000000e-030	1.000000e-030	1.000000e-030	1.000000e-030	1.000000e-030	1.000000e-030	1.000000e-030	5.004563e-001	
1.000000e-030	1.000000e-030	1.000000e-030	1.000000e-030	1.000000e-030	1.000000e-030	1.000000e-030	1.000000e-030	1.000000e-030	1.000000e-030	1.000000e-030	1.000000e-030	1.000000e-030	1.000000e-030	1.000000e-030	6.615796e-001	1.000000e-030	1.000000e-030	1.000000e-030	1.000000e-030	1.000000e-030	1.000000e-030	1.000000e-030	1.000000e-030	1.000000e-030	1.000000e-030	1.000000e-030	1.000000e-030	1.000000e-030	1.000000e-030	1.000000e-030	3.384204e-001	
1.000000e-030	1.000000e-030	1.000000e-030	6.896861e-026	1.000000e-030	1.000000e-030	1.000000e-030	1.000000e-030	1.000000e-030	1.000000e-030	1.000000e-030	1.000000e-030	1.000000e-030	1.000000e-030	1.000000e-030	6.247844e-001	1.000000e-030	1.000000e-030	1.000000e-030	1.000000e-030	1.000000e-030	1.000000e-030	1.000000e-030	1.000000e-030	1.000000e-030	1.000000e-030	1.000000e-030	1.000000e-030	1.000000e-030	1.000000e-030	1.000000e-030	3.752156e-001	
1.000000e-030	1.000000e-030	1.000000e-030	5.130570e-003	1.000000e-030	1.000000e-030	1.000000e-030	1.000000e-030	1.000000e-030	1.000000e-030	1.000000e-030	1.000000e-030	1.000000e-030	1.000000e-030	1.000000e-030	4.321081e-001	1.000000e-030	1.000000e-030	1.000000e-030	1.000000e-030	1.000000e-030	1.000000e-030	1.000000e-030	1.000000e-030	1.000000e-030	1.000000e-030	1.000000e-030	1.000000e-030	1.000000e-030	1.000000e-030	1.000000e-030	5.627613e-001	
1.000000e-030	1.000000e-030	1.000000e-030	3.882464e-002	1.000000e-030	1.000000e-030	4.919973e-002	1.000000e-030	1.000000e-030	1.000000e-030	1.967989e-002	1.000000e-030	1.000000e-030	1.967989e-002	1.000000e-030	3.587559e-001	2.951984e-002	1.000000e-030	1.000000e-030	1.000000e-030	1.000000e-030	9.839946e-003	1.771190e-001	1.000000e-030	1.000000e-030	1.000000e-030	1.000000e-030	1.000000e-030	1.000000e-030	9.839946e-003	1.000000e-030	2.875412e-001	
