8.976229e-001	1.023771e-001	0.000000e+000	0.000000e+000	0.000000e+000	
0.000000e+000	8.968184e-001	1.031816e-001	0.000000e+000	0.000000e+000	
0.000000e+000	0.000000e+000	9.429745e-001	5.702546e-002	0.000000e+000	
0.000000e+000	0.000000e+000	0.000000e+000	7.513822e-001	2.486178e-001	
0.000000e+000	0.000000e+000	0.000000e+000	0.000000e+000	1.000000e+000	
1.000000e-030	1.000000e-030	1.000000e-030	1.000000e-030	1.000000e-030	1.000000e-030	1.000000e-030	1.000000e-030	1.000000e-030	1.000000e-030	1.000000e-030	1.000000e-030	1.000000e-030	1.000000e-030	1.000000e-030	1.000000e+000	1.000000e-030	1.000000e-030	1.000000e-030	1.000000e-030	1.000000e-030	1.000000e-030	1.000000e-030	1.000000e-030	1.000000e-030	1.000000e-030	1.000000e-030	1.000000e-030	1.000000e-030	1.000000e-030	1.000000e-030	2.137138e-019	
1.000000e-030	1.000000e-030	1.000000e-030	1.000000e-030	1.000000e-030	1.000000e-030	1.000000e-030	1.000000e-030	1.000000e-030	1.000000e-030	1.000000e-030	1.000000e-030	1.000000e-030	1.000000e-030	1.000000e-030	9.999979e-001	1.000000e-030	1.000000e-030	1.000000e-030	1.000000e-030	1.000000e-030	1.000000e-030	1.000000e-030	1.000000e-030	1.000000e-030	1.000000e-030	1.000000e-030	1.000000e-030	1.000000e-030	1.000000e-030	1.000000e-030	2.063582e-006	
1.000000e-030	1.000000e-030	1.000000e-030	1.689804e-008	1.000000e-030	1.000000e-030	1.000000e-030	1.000000e-030	1.000000e-030	1.000000e-030	1.000000e-030	1.000000e-030	1.000000e-030	1.000000e-030	1.000000e-030	8.859502e-001	1.000000e-030	1.000000e-030	1.000000e-030	1.000000e-030	1.000000e-030	1.000000e-030	1.000000e-030	1.000000e-030	1.000000e-030	1.000000e-030	1.000000e-030	1.000000e-030	1.000000e-030	1.000000e-030	1.000000e-030	1.140498e-001	
1.000000e-030	1.000000e-030	1.000000e-030	2.486177e-001	1.000000e-030	1.000000e-030	1.000000e-030	1.000000e-030	1.000000e-030	1.000000e-030	1.000000e-030	1.000000e-030	1.000000e-030	1.000000e-030	1.000000e-030	1.123276e-003	1.000000e-030	1.000000e-030	1.000000e-030	1.000000e-030	1.000000e-030	4.405599e-003	1.000000e-030	1.000000e-030	1.000000e-030	1.000000e-030	1.000000e-030	1.000000e-030	1.000000e-030	4.972356e-001	1.000000e-030	2.486178e-001	
1.000000e-030	1.000000e-030	1.000000e-030	1.000000e-030	1.000000e-030	9.260779e-003	4.630389e-002	1.000000e-030	1.000000e-030	2.778234e-002	1.000000e-030	1.000000e-030	1.000000e-030	4.630389e-002	9.260779e-003	5.834291e-001	1.000000e-030	1.000000e-030	1.000000e-030	1.000000e-030	1.000000e-030	3.687901e-002	3.704311e-002	2.778234e-002	1.000000e-030	7.408623e-002	9.260779e-003	1.000000e-030	1.000000e-030	1.959699e-010	1.000000e-030	9.260779e-002	
