9.128308e-001	8.716923e-002	0.000000e+000	0.000000e+000	0.000000e+000	
0.000000e+000	9.222936e-001	7.770643e-002	0.000000e+000	0.000000e+000	
0.000000e+000	0.000000e+000	9.377205e-001	6.227945e-002	0.000000e+000	
0.000000e+000	0.000000e+000	0.000000e+000	9.320250e-001	6.797504e-002	
0.000000e+000	0.000000e+000	0.000000e+000	0.000000e+000	1.000000e+000	
1.000000e-030	1.000000e-030	1.000000e-030	1.000000e-030	1.000000e-030	1.000000e-030	1.000000e-030	1.000000e-030	1.000000e-030	1.000000e-030	1.000000e-030	1.000000e-030	1.000000e-030	1.000000e-030	1.000000e-030	9.999903e-001	1.000000e-030	1.000000e-030	1.000000e-030	1.000000e-030	1.000000e-030	1.000000e-030	1.000000e-030	1.000000e-030	1.000000e-030	1.000000e-030	1.000000e-030	1.000000e-030	1.000000e-030	1.000000e-030	1.000000e-030	9.663440e-006	
1.000000e-030	1.000000e-030	1.000000e-030	1.000000e-030	1.000000e-030	1.000000e-030	1.000000e-030	1.000000e-030	1.000000e-030	1.000000e-030	1.000000e-030	1.000000e-030	1.000000e-030	1.000000e-030	1.000000e-030	9.741351e-001	1.000000e-030	1.000000e-030	1.000000e-030	1.000000e-030	1.000000e-030	1.000000e-030	1.000000e-030	1.000000e-030	1.000000e-030	1.000000e-030	1.000000e-030	1.000000e-030	1.000000e-030	1.000000e-030	1.000000e-030	2.586495e-002	
1.000000e-030	1.000000e-030	1.000000e-030	1.000000e-030	1.000000e-030	1.000000e-030	1.000000e-030	1.000000e-030	1.000000e-030	1.000000e-030	1.000000e-030	1.000000e-030	1.000000e-030	1.000000e-030	1.000000e-030	9.596266e-001	1.000000e-030	1.000000e-030	1.000000e-030	1.000000e-030	1.000000e-030	1.000000e-030	1.000000e-030	1.000000e-030	1.000000e-030	1.000000e-030	1.000000e-030	1.000000e-030	1.000000e-030	1.000000e-030	1.000000e-030	4.037340e-002	
1.000000e-030	1.000000e-030	1.000000e-030	1.785879e-003	1.000000e-030	1.000000e-030	1.000000e-030	1.000000e-030	1.000000e-030	1.000000e-030	1.000000e-030	1.000000e-030	1.000000e-030	1.000000e-030	1.000000e-030	9.969381e-001	1.000000e-030	1.000000e-030	1.000000e-030	1.250634e-011	1.000000e-030	1.000000e-030	1.000000e-030	1.000000e-030	1.000000e-030	1.000000e-030	1.000000e-030	1.000000e-030	1.000000e-030	1.000000e-030	1.000000e-030	1.276062e-003	
1.000000e-030	1.000000e-030	1.000000e-030	2.102144e-002	1.000000e-030	1.000000e-030	5.325314e-002	1.000000e-030	1.000000e-030	1.597594e-001	1.000000e-030	1.000000e-030	1.000000e-030	4.260252e-002	1.065063e-002	4.677484e-001	1.000000e-030	1.000000e-030	2.130126e-002	1.065063e-002	1.000000e-030	2.130126e-002	1.000000e-030	1.065063e-002	1.000000e-030	8.520503e-002	1.000000e-030	1.000000e-030	1.000000e-030	1.000000e-030	1.000000e-030	9.585566e-002	
