9.297433e-001	7.025666e-002	0.000000e+000	0.000000e+000	0.000000e+000	
0.000000e+000	9.297267e-001	7.027326e-002	0.000000e+000	0.000000e+000	
0.000000e+000	0.000000e+000	9.296083e-001	7.039168e-002	0.000000e+000	
0.000000e+000	0.000000e+000	0.000000e+000	9.290157e-001	7.098431e-002	
0.000000e+000	0.000000e+000	0.000000e+000	0.000000e+000	1.000000e+000	
1.000000e-030	1.000000e-030	1.000000e-030	1.000000e-030	1.000000e-030	1.000000e-030	1.000000e-030	1.000000e-030	1.000000e-030	1.000000e-030	1.000000e-030	1.000000e-030	1.000000e-030	1.000000e-030	1.000000e-030	1.000000e+000	1.000000e-030	1.000000e-030	1.000000e-030	1.000000e-030	1.000000e-030	1.000000e-030	1.000000e-030	1.000000e-030	1.000000e-030	1.000000e-030	1.000000e-030	1.000000e-030	1.000000e-030	1.000000e-030	1.000000e-030	1.000000e-030	
1.000000e-030	1.000000e-030	1.000000e-030	1.000000e-030	1.000000e-030	1.000000e-030	1.000000e-030	1.000000e-030	1.000000e-030	1.000000e-030	1.000000e-030	1.000000e-030	1.000000e-030	1.000000e-030	1.000000e-030	1.000000e+000	1.000000e-030	1.000000e-030	1.000000e-030	1.000000e-030	1.000000e-030	1.000000e-030	1.000000e-030	1.000000e-030	1.000000e-030	1.000000e-030	1.000000e-030	1.000000e-030	1.000000e-030	1.000000e-030	1.000000e-030	1.000000e-030	
1.000000e-030	1.000000e-030	1.000000e-030	1.000000e-030	1.000000e-030	1.000000e-030	1.000000e-030	1.000000e-030	1.000000e-030	1.000000e-030	1.000000e-030	1.000000e-030	1.000000e-030	1.000000e-030	1.000000e-030	1.000000e+000	1.000000e-030	1.000000e-030	1.000000e-030	1.000000e-030	1.000000e-030	1.000000e-030	1.000000e-030	1.000000e-030	1.000000e-030	1.000000e-030	1.000000e-030	1.000000e-030	1.000000e-030	1.000000e-030	1.000000e-030	9.902500e-026	
1.000000e-030	1.000000e-030	1.000000e-030	5.336807e-029	1.000000e-030	1.000000e-030	1.000000e-030	1.000000e-030	1.000000e-030	1.000000e-030	1.000000e-030	1.000000e-030	1.000000e-030	1.000000e-030	1.000000e-030	9.999956e-001	1.000000e-030	1.000000e-030	1.000000e-030	1.000000e-030	1.000000e-030	2.237204e-014	1.000000e-030	1.000000e-030	1.000000e-030	1.000000e-030	1.000000e-030	1.000000e-030	1.000000e-030	1.000000e-030	1.000000e-030	4.365891e-006	
1.000000e-030	1.000000e-030	1.000000e-030	2.168199e-002	1.000000e-030	1.000000e-030	3.252298e-002	1.000000e-030	1.000000e-030	1.084099e-002	1.000000e-030	1.000000e-030	1.000000e-030	4.336398e-002	1.000000e-030	5.446789e-001	1.000000e-030	1.000000e-030	2.168199e-002	1.000000e-030	1.000000e-030	3.252298e-002	2.168199e-002	1.084099e-002	1.000000e-030	1.517739e-001	1.084099e-002	1.000000e-030	1.000000e-030	1.000000e-030	1.000000e-030	9.756828e-002	
