8.306272e-001	1.693728e-001	0.000000e+000	0.000000e+000	0.000000e+000	
0.000000e+000	8.992427e-001	1.007573e-001	0.000000e+000	0.000000e+000	
0.000000e+000	0.000000e+000	9.000976e-001	9.990241e-002	0.000000e+000	
0.000000e+000	0.000000e+000	0.000000e+000	9.308331e-001	6.916691e-002	
0.000000e+000	0.000000e+000	0.000000e+000	0.000000e+000	1.000000e+000	
1.000000e-030	1.000000e-030	1.000000e-030	1.000000e-030	1.000000e-030	1.000000e-030	1.000000e-030	1.000000e-030	1.000000e-030	1.000000e-030	1.000000e-030	1.000000e-030	1.000000e-030	1.000000e-030	1.000000e-030	8.231973e-001	1.000000e-030	1.000000e-030	1.000000e-030	1.000000e-030	1.000000e-030	1.000000e-030	1.000000e-030	1.000000e-030	1.000000e-030	1.000000e-030	1.000000e-030	1.000000e-030	1.000000e-030	1.000000e-030	1.000000e-030	1.768027e-001	
1.000000e-030	1.000000e-030	1.000000e-030	9.505472e-016	1.000000e-030	1.000000e-030	1.000000e-030	1.000000e-030	1.000000e-030	1.000000e-030	1.000000e-030	1.000000e-030	1.000000e-030	1.000000e-030	1.000000e-030	6.428768e-001	1.000000e-030	1.000000e-030	1.000000e-030	1.000000e-030	1.000000e-030	1.000000e-030	1.000000e-030	1.000000e-030	1.000000e-030	1.000000e-030	1.000000e-030	1.000000e-030	1.000000e-030	1.000000e-030	1.000000e-030	3.571232e-001	
1.000000e-030	1.000000e-030	1.000000e-030	4.694809e-004	1.000000e-030	1.000000e-030	1.000000e-030	1.000000e-030	1.000000e-030	1.000000e-030	1.000000e-030	1.000000e-030	1.000000e-030	1.000000e-030	1.000000e-030	5.499840e-001	1.000000e-030	1.000000e-030	1.000000e-030	1.000000e-030	1.000000e-030	1.000000e-030	1.000000e-030	1.000000e-030	1.000000e-030	1.000000e-030	1.000000e-030	1.000000e-030	1.000000e-030	1.000000e-030	1.000000e-030	4.495465e-001	
1.000000e-030	1.000000e-030	1.000000e-030	2.165775e-001	1.000000e-030	1.000000e-030	1.000000e-030	1.000000e-030	1.000000e-030	1.000000e-030	1.000000e-030	1.000000e-030	1.000000e-030	1.270621e-002	1.000000e-030	2.526215e-001	1.000000e-030	1.000000e-030	1.000000e-030	1.000000e-030	1.000000e-030	4.794106e-023	1.000000e-030	1.000000e-030	1.000000e-030	1.000000e-030	1.000000e-030	1.000000e-030	1.000000e-030	1.000000e-030	1.000000e-030	5.180949e-001	
1.000000e-030	1.000000e-030	1.000000e-030	2.634756e-002	1.000000e-030	1.000000e-030	1.839868e-002	1.000000e-030	1.000000e-030	9.199338e-003	1.000000e-030	1.000000e-030	1.000000e-030	6.270541e-002	1.000000e-030	3.643096e-001	1.000000e-030	1.000000e-030	1.839868e-002	1.000000e-030	1.000000e-030	3.679735e-002	3.679735e-002	8.279404e-002	1.000000e-030	1.931861e-001	1.000000e-030	1.000000e-030	1.000000e-030	1.000000e-030	1.000000e-030	1.510659e-001	
