8.983129e-001	1.016871e-001	0.000000e+000	0.000000e+000	0.000000e+000	
0.000000e+000	8.965543e-001	1.034457e-001	0.000000e+000	0.000000e+000	
0.000000e+000	0.000000e+000	9.130916e-001	8.690836e-002	0.000000e+000	
0.000000e+000	0.000000e+000	0.000000e+000	8.888019e-001	1.111981e-001	
0.000000e+000	0.000000e+000	0.000000e+000	0.000000e+000	1.000000e+000	
1.000000e-030	1.000000e-030	1.000000e-030	1.000000e-030	1.000000e-030	1.000000e-030	1.000000e-030	1.000000e-030	1.000000e-030	1.000000e-030	1.000000e-030	1.000000e-030	1.000000e-030	1.000000e-030	1.000000e-030	8.296025e-001	1.000000e-030	1.000000e-030	1.000000e-030	1.000000e-030	1.000000e-030	1.000000e-030	1.000000e-030	1.000000e-030	1.000000e-030	1.000000e-030	1.000000e-030	1.000000e-030	1.000000e-030	1.000000e-030	1.000000e-030	1.703975e-001	
1.000000e-030	1.000000e-030	1.000000e-030	1.000000e-030	1.000000e-030	1.000000e-030	1.000000e-030	1.000000e-030	1.000000e-030	1.000000e-030	1.000000e-030	1.000000e-030	1.000000e-030	1.000000e-030	1.000000e-030	8.455080e-001	1.000000e-030	1.000000e-030	1.000000e-030	1.000000e-030	1.000000e-030	1.000000e-030	1.000000e-030	1.000000e-030	1.000000e-030	1.000000e-030	1.000000e-030	1.000000e-030	1.000000e-030	1.000000e-030	1.000000e-030	1.544920e-001	
1.000000e-030	1.000000e-030	1.000000e-030	4.106929e-004	1.000000e-030	1.000000e-030	1.000000e-030	1.000000e-030	1.000000e-030	1.000000e-030	1.000000e-030	1.000000e-030	1.000000e-030	1.000000e-030	1.000000e-030	3.186893e-001	1.000000e-030	1.000000e-030	1.000000e-030	1.000000e-030	1.000000e-030	1.000000e-030	1.000000e-030	1.000000e-030	1.000000e-030	1.000000e-030	1.000000e-030	1.000000e-030	1.000000e-030	1.000000e-030	1.000000e-030	6.809000e-001	
1.000000e-030	1.000000e-030	1.000000e-030	4.442669e-001	1.000000e-030	1.000000e-030	1.000000e-030	1.000000e-030	1.000000e-030	1.000000e-030	1.000000e-030	1.000000e-030	1.000000e-030	2.223962e-001	1.000000e-030	1.349793e-004	1.000000e-030	1.000000e-030	2.223962e-001	1.000000e-030	1.000000e-030	1.000000e-030	3.600180e-005	1.000000e-030	1.000000e-030	1.000000e-030	1.000000e-030	1.000000e-030	1.000000e-030	1.000000e-030	1.000000e-030	1.107698e-001	
1.000000e-030	1.000000e-030	1.000000e-030	1.000000e-030	1.000000e-030	1.000000e-030	1.834868e-002	1.000000e-030	1.000000e-030	4.587170e-002	1.000000e-030	1.000000e-030	1.000000e-030	2.752302e-002	1.000000e-030	3.119275e-001	1.000000e-030	1.000000e-030	3.662726e-010	1.000000e-030	1.000000e-030	7.339471e-002	3.669439e-002	9.174339e-003	1.000000e-030	2.018355e-001	1.000000e-030	1.000000e-030	1.000000e-030	1.000000e-030	1.000000e-030	2.752302e-001	
