8.791231e-001	1.208769e-001	0.000000e+000	0.000000e+000	0.000000e+000	
0.000000e+000	8.804280e-001	1.195720e-001	0.000000e+000	0.000000e+000	
0.000000e+000	0.000000e+000	9.231606e-001	7.683936e-002	0.000000e+000	
0.000000e+000	0.000000e+000	0.000000e+000	9.551552e-001	4.484481e-002	
0.000000e+000	0.000000e+000	0.000000e+000	0.000000e+000	1.000000e+000	
1.000000e-030	1.000000e-030	1.000000e-030	1.003596e-029	1.000000e-030	1.000000e-030	1.000000e-030	1.000000e-030	1.000000e-030	1.000000e-030	1.000000e-030	1.000000e-030	1.000000e-030	1.000000e-030	1.000000e-030	9.999537e-001	1.000000e-030	1.000000e-030	1.000000e-030	1.000000e-030	1.000000e-030	1.000000e-030	1.000000e-030	1.000000e-030	1.000000e-030	1.000000e-030	1.000000e-030	1.000000e-030	1.000000e-030	1.000000e-030	1.000000e-030	4.629997e-005	
1.000000e-030	1.000000e-030	1.000000e-030	1.089201e-007	1.000000e-030	1.000000e-030	1.000000e-030	1.000000e-030	1.000000e-030	1.000000e-030	1.000000e-030	1.000000e-030	1.000000e-030	1.000000e-030	1.000000e-030	9.507519e-001	1.000000e-030	1.000000e-030	1.000000e-030	1.000000e-030	1.000000e-030	1.000000e-030	1.000000e-030	1.000000e-030	1.000000e-030	1.000000e-030	1.000000e-030	1.000000e-030	1.000000e-030	1.000000e-030	1.000000e-030	4.924798e-002	
1.000000e-030	1.000000e-030	1.000000e-030	1.593825e-002	1.000000e-030	1.000000e-030	1.000000e-030	1.000000e-030	1.000000e-030	1.000000e-030	1.000000e-030	1.000000e-030	1.000000e-030	1.000000e-030	1.000000e-030	8.701390e-001	1.000000e-030	1.000000e-030	1.000000e-030	3.945120e-027	1.000000e-030	1.000000e-030	1.000000e-030	1.000000e-030	1.000000e-030	1.000000e-030	1.000000e-030	1.000000e-030	1.000000e-030	1.000000e-030	1.000000e-030	1.139228e-001	
1.000000e-030	1.000000e-030	1.000000e-030	3.552743e-002	1.000000e-030	1.000000e-030	1.000000e-030	1.000000e-030	1.000000e-030	1.000000e-030	1.000000e-030	1.000000e-030	1.000000e-030	1.000000e-030	1.000000e-030	8.420194e-001	1.000000e-030	1.000000e-030	1.000000e-030	1.420385e-006	1.000000e-030	1.000000e-030	1.000000e-030	1.000000e-030	1.000000e-030	1.000000e-030	1.000000e-030	1.000000e-030	1.000000e-030	1.000000e-030	1.000000e-030	1.224517e-001	
1.000000e-030	1.000000e-030	1.000000e-030	1.236503e-001	1.000000e-030	1.000000e-030	3.091169e-002	1.000000e-030	1.000000e-030	1.000000e-030	1.000000e-030	1.000000e-030	1.000000e-030	1.000000e-030	2.060779e-002	5.324619e-001	3.091169e-002	1.000000e-030	1.000000e-030	1.133425e-001	1.000000e-030	1.000000e-030	1.000000e-030	6.182337e-002	1.000000e-030	3.091169e-002	2.060779e-002	1.000000e-030	1.000000e-030	1.030390e-002	1.000000e-030	2.446735e-002	
