9.197332e-001	8.026685e-002	0.000000e+000	0.000000e+000	0.000000e+000	
0.000000e+000	9.397145e-001	6.028552e-002	0.000000e+000	0.000000e+000	
0.000000e+000	0.000000e+000	9.293762e-001	7.062379e-002	0.000000e+000	
0.000000e+000	0.000000e+000	0.000000e+000	9.212408e-001	7.875921e-002	
0.000000e+000	0.000000e+000	0.000000e+000	0.000000e+000	1.000000e+000	
1.000000e-030	1.000000e-030	1.000000e-030	1.000000e-030	1.000000e-030	1.000000e-030	1.000000e-030	1.000000e-030	1.000000e-030	1.000000e-030	1.000000e-030	1.000000e-030	1.000000e-030	1.000000e-030	1.000000e-030	5.364401e-001	1.000000e-030	1.000000e-030	1.000000e-030	7.369864e-006	1.000000e-030	1.000000e-030	1.000000e-030	1.000000e-030	1.000000e-030	1.000000e-030	1.000000e-030	1.000000e-030	1.000000e-030	1.000000e-030	1.000000e-030	4.635526e-001	
1.000000e-030	1.000000e-030	1.000000e-030	1.251013e-020	1.000000e-030	1.000000e-030	1.000000e-030	1.000000e-030	1.000000e-030	1.000000e-030	1.000000e-030	1.000000e-030	1.000000e-030	1.000000e-030	1.000000e-030	3.555344e-001	1.000000e-030	1.000000e-030	1.000000e-030	6.021989e-002	1.000000e-030	1.000000e-030	1.000000e-030	1.000000e-030	1.000000e-030	1.000000e-030	1.000000e-030	1.000000e-030	1.000000e-030	1.000000e-030	1.000000e-030	5.842457e-001	
1.000000e-030	1.000000e-030	1.000000e-030	6.055905e-003	1.000000e-030	1.000000e-030	1.000000e-030	1.000000e-030	1.000000e-030	1.000000e-030	1.000000e-030	1.000000e-030	1.000000e-030	1.000000e-030	1.000000e-030	1.924702e-001	1.000000e-030	1.000000e-030	1.000000e-030	7.039683e-005	1.000000e-030	1.000000e-030	1.000000e-030	1.000000e-030	1.000000e-030	1.000000e-030	1.000000e-030	1.000000e-030	1.000000e-030	1.000000e-030	1.000000e-030	8.014035e-001	
1.000000e-030	1.000000e-030	1.000000e-030	1.567131e-001	1.000000e-030	1.000000e-030	1.000000e-030	1.000000e-030	1.000000e-030	1.000000e-030	1.000000e-030	1.000000e-030	1.000000e-030	1.000000e-030	1.000000e-030	5.928590e-001	1.000000e-030	1.000000e-030	1.000000e-030	3.334805e-011	1.000000e-030	1.000000e-030	1.000000e-030	1.000000e-030	1.000000e-030	1.000000e-030	1.000000e-030	1.000000e-030	1.000000e-030	1.000000e-030	1.000000e-030	2.504279e-001	
1.000000e-030	1.000000e-030	1.000000e-030	1.066032e-001	1.000000e-030	1.000000e-030	1.074144e-002	1.000000e-030	1.000000e-030	1.000000e-030	1.000000e-030	1.000000e-030	1.000000e-030	3.222433e-002	6.444866e-002	1.736516e-001	3.222433e-002	1.000000e-030	1.000000e-030	1.718631e-001	1.000000e-030	1.074144e-002	1.000000e-030	2.148289e-002	1.000000e-030	1.000000e-030	2.148289e-002	1.000000e-030	1.000000e-030	1.000000e-030	1.000000e-030	3.545361e-001	
